Error at _cmdno 4 executing "solve" command
(file amplin, line 45706, offset 2218044):
error processing param area:
	126 invalid subscripts discarded:
	area['166157658','urban']
	area['166157658','ag']
	area['166157661','urban']
	and 123 more.
Error at _cmdno 4 executing "solve" command
(file amplin, line 45706, offset 2218044):
error processing 
Presolve eliminates 22360 constraints and 5229 variables.
Adjusted problem:
65831 variables:
	29558 binary variables
	36273 linear variables
38368 constraints, all linear; 191036 nonzeros
	4368 equality constraints
	34000 inequality constraints
1 linear objective; 15617 nonzeros.

Setting $presolve_fixeps >= 2.71e-22 could change presolve results.

CPLEX 22.1.2:   tech:threads = 4
CPLEX 22.1.2: optimal solution; objective 29063.53141
3791 simplex iterations
absmipgap=3.63798e-12, relmipgap=0
------------ WARNINGS ------------
WARNING:  "Tolerance violations"
  Type                         MaxAbs [Name]   MaxRel [Name]
* algebraic con(s)             2E-06           1E+00         
*: Using the solver's aux variable values.
Documentation: mp.ampl.com/modeling-tools.html#automatic-solution-check.
solve_result_num = 0
solve_result = solved

cost.result = solved

cost = 29063.53141

set seasons := 1 2 3 4;

set years := 3;

point_dec [*] :=
;

urban_frac [*,*]
:           Enhanced_Biofiltration_w_ISR Gravel_Wetland Infiltration_Basin Infiltration_Trench Porous_Pavement_w_subsurface_infiltration    :=
'166157770'               0                     0               1                   0                              0
'166157772'               0                     0               1                   0                              0
'166157774'               0                     0               0                   0.9                            0.1
'166174493'               0                     0               1                   0                              0
'166174494'               0                     0               1                   0                              0
'4572393'                 0                     0               0.9                 0                              0.1
'4593295'                 0                     0               0.9                 0                              0.1
'4593913'                 0                     0               0.9                 0                              0.1
'4594339'                 0                     0               0.9                 0                              0.1
'4594645'                 0                     0               0.9                 0                              0.1
'4594657'                 0                     1               0                   0                              0
'4595091'                 1                     0               0                   0                              0
'9326028'                 0                     0               1                   0                              0
'9326132'                 0                     0               1                   0                              0
'9326156'                 0                     0               1                   0                              0
'9326196'                 0                     0               1                   0                              0
'9326220'                 0                     0               1                   0                              0
;

ag_frac [*,*]
:           Contour_Farming Cover_crops      Fert_20      Filterstrip        MIN_TILL        :=
'166157759'         0             1       0               0               0
'166157768'         0             1       0               0               0
'166157769'         0             1       0               0               0
'166157770'         0             1       0               0               0
'166157771'         0             1       0               0               0
'166157772'         0             1       0               0               0
'166157773'         0             1       0               0               0
'166157777'         0             0       1               0               0
'166174493'         0             0       0               1               0
'166174494'         0             0       0               1               0
'166174495'         0             0       0               1               0
'4570507'           0             0       0               1               0
'4570509'           0             0       0               1               0
'4570513'           0             0       0               1               0
'4570515'           0             0       0               1               0
'4570517'           0             0       0               1               0
'4570519'           0             0       0               1               0
'4570529'           0             0       0               1               0
'4570531'           0             0       1               0               0
'4570533'           0             0       1               0               0
'4570539'           0             0       1               0               0
'4570541'           0             0       1               0               0
'4570543'           0             0       1               0               0
'4570547'           0             0       0               1               0
'4570549'           0             0       0               1               0
'4570555'           0             0       0               1               0
'4570557'           0             0       0               1               0
'4570561'           0             0       0               1               0
'4570563'           0             0       0               1               0
'4570565'           0             0       0               1               0
'4570569'           0             0       1               0               0
'4570571'           0             0       1               0               0
'4570573'           0             0       0               1               0
'4570575'           0             0       0               1               0
'4570579'           0             0       0               1               0
'4570581'           0             0       0               1               0
'4570583'           0             0       0               1               0
'4570587'           0             0       0               1               0
'4570589'           0             0       0               1               0
'4570591'           0             0       0               1               0
'4570595'           0             0       0               1               0
'4570597'           0             0       0               0               1
'4570599'           0             0       0               1               0
'4570655'           0             0       0               1               0
'4570657'           0             0       0               1               0
'4570659'           0             0       0               1               0
'4570661'           0             0       0               1               0
'4570665'           0             0       0               1               0
'4570671'           0             0       0               1               0
'4570675'           0             0       0               1               0
'4570683'           0             0       0               1               0
'4570685'           0             0       0               1               0
'4570691'           0             0       0               1               0
'4571071'           0             0       0               1               0
'4571075'           0             0       0               1               0
'4571077'           0             0       0               1               0
'4571081'           0             0       0               1               0
'4571083'           0             0       1               0               0
'4571085'           0             0       0               1               0
'4571087'           0             0       0               1               0
'4571091'           0             0       0               1               0
'4571093'           0             0       0               1               0
'4571095'           0             0       0               1               0
'4571097'           0             0       0               1               0
'4571099'           0             0       0               1               0
'4571101'           0             0       0               1               0
'4571103'           0             0       0.03337019313   0               0
'4571105'           0             0       0               1               0
'4571107'           0             0       0               1               0
'4571109'           0             0       0               1               0
'4571111'           0             0       0               1               0
'4571113'           0             0       0               1               0
'4571115'           0             0       0               0               1
'4571117'           0             0       0               1               0
'4571119'           0             0       0               1               0
'4571121'           0             0       0               0               1
'4571123'           0             0       0               1               0
'4571125'           0             0       0               0               1
'4571127'           0             0       0               1               0
'4571129'           0             0       0               1               0
'4571131'           0             0       0               0               1
'4571133'           0             0       0               1               0
'4571135'           0             0       0               1               0
'4571137'           0             0       0               1               0
'4571139'           0             0       0               0               1
'4571141'           0             0       0               1               0
'4571143'           0             0       0               1               0
'4571145'           0             0       0               1               0
'4571147'           0             0       0               1               0
'4571149'           0             0       0               1               0
'4571151'           0             0       0               1               0
'4571153'           0             0       0               1               0
'4571155'           0             0       0               1               0
'4571159'           0             0       0               1               0
'4571161'           0             0       0               1               0
'4571189'           0             0       0               1               0
'4571191'           0             0       0               1               0
'4571201'           0             0       0               1               0
'4571203'           0             0       0               1               0
'4571687'           0             0       0               1               0
'4571697'           0             0       0               1               0
'4571699'           0             0       0               1               0
'4571703'           0             0       0               1               0
'4571705'           0             0       0               1               0
'4571709'           0             0       1               0               0
'4571711'           0             0       0               1               0
'4571713'           0             0       0               1               0
'4571715'           0             0       1               0               0
'4571719'           0             0       0               1               0
'4571723'           0             0       1               0               0
'4571725'           0             0       1               0               0
'4571727'           0             0       0.6934844249    0.3065155751    0
'4571729'           0             0       1               0               0
'4571733'           0             0       0               1               0
'4571735'           0             0       0               1               0
'4571737'           0             0       0               1               0
'4571801'           0             0       0               1               0
'4571811'           0             0       0               1               0
'4571813'           0             0       0               1               0
'4571815'           0             0       0               1               0
'4572273'           0             0       1               0               0
'4572275'           0             0       1               0               0
'4572279'           0             1       0               0               0
'4572281'           0             0       0               0               1
'4572283'           0             0       0               0               1
'4572285'           0             0       1               0               0
'4572287'           0             0       0               1               0
'4572289'           0             0       0               0               1
'4572291'           0             0       0               1               0
'4572293'           0             0       0               1               0
'4572295'           0             0       0               1               0
'4572297'           0             0       0               1               0
'4572299'           0             1       0               0               0
'4572301'           0             0       0               0               1
'4572303'           0             0       0               1               0
'4572307'           0             0       1               0               0
'4572309'           0             0       0               1               0
'4572311'           0             0       0               0               1
'4572313'           0             1       0               0               0
'4572317'           0             1       0               0               0
'4572345'           0             0       0               1               0
'4572347'           0             0       1               0               0
'4572349'           0             0       1               0               0
'4572353'           0             0       0               1               0
'4572355'           0             0       0               1               0
'4572357'           0             1       0               0               0
'4572359'           0             0       1               0               0
'4572361'           0             1       0               0               0
'4572363'           0             0       1               0               0
'4572365'           0             0       0               1               0
'4572367'           0             0       0               1               0
'4572369'           0             0       0               0               1
'4572371'           0             0       0               0               1
'4572379'           0             0       0               1               0
'4572381'           0             1       0               0               0
'4572387'           0             0       0               1               0
'4572389'           0             0       0               1               0
'4572391'           0             0       1               0               0
'4572393'           0             0       0               1               0
'4572395'           0             0       0               1               0
'4572403'           0             1       0               0               0
'4572405'           0             1       0               0               0
'4572409'           0             0       1               0               0
'4573737'           0             0       0               1               0
'4573739'           0             0       1               0               0
'4573743'           0             0       1               0               0
'4573745'           0             0       0               1               0
'4573747'           0             0       1               0               0
'4573749'           0             0       0               1               0
'4573751'           0             0       0               1               0
'4573753'           0             0       0               1               0
'4573755'           0             0       0               1               0
'4573757'           0             0       0               1               0
'4573759'           0             0       0               1               0
'4573761'           0             0       0               1               0
'4573763'           0             0       0               1               0
'4573765'           0             0       0               1               0
'4573767'           0             0       0               1               0
'4573769'           0             0       0               1               0
'4573771'           0             0       0               1               0
'4573773'           0             0       0               1               0
'4573775'           0             0       0               1               0
'4573777'           0             0       0               1               0
'4573779'           0             0       0               1               0
'4573781'           0             0       0               1               0
'4573783'           0             0       0               1               0
'4573785'           0             0       0               1               0
'4573787'           0             0       0               1               0
'4573789'           0             0       0               1               0
'4573791'           0             0       1               0               0
'4573793'           0             0       0               1               0
'4573795'           0             0       0               1               0
'4573797'           0             0       0               1               0
'4573799'           0             0       0               1               0
'4573903'           0             0       1               0               0
'4573905'           0             0       1               0               0
'4573907'           0             0       0               1               0
'4573911'           0             0       0               1               0
'4573913'           0             0       0               1               0
'4573915'           0             0       0               1               0
'4573919'           0             0       0               1               0
'4573921'           0             0       0               1               0
'4573923'           0             0       0               1               0
'4573925'           0             0       0               1               0
'4573927'           0             0       1               0               0
'4573959'           0             0       0               1               0
'4573963'           0             0       0               1               0
'4573965'           0             0       0               1               0
'4573967'           0             0       0               1               0
'4573971'           0             0       0               1               0
'4573983'           0             0       0               1               0
'4573993'           0             0       0               1               0
'4574001'           0             0       0               1               0
'4592095'           0             0       0               1               0
'4592147'           0             1       0               0               0
'4592151'           0             1       0               0               0
'4592153'           0             1       0               0               0
'4592157'           0             0       0               1               0
'4592159'           0             0       0               1               0
'4592163'           0             0       0               1               0
'4592165'           0             0       0               1               0
'4592167'           0             0       0               1               0
'4592177'           0             0       0               1               0
'4592179'           0             0       0               1               0
'4592181'           0             1       0               0               0
'4592183'           0             1       0               0               0
'4592185'           0             0       1               0               0
'4592187'           0             0       0               1               0
'4592191'           0             1       0               0               0
'4592195'           0             1       0               0               0
'4592197'           0             0       1               0               0
'4592199'           0             1       0               0               0
'4592201'           0             1       0               0               0
'4592205'           0             1       0               0               0
'4592207'           0             1       0               0               0
'4592209'           0             1       0               0               0
'4592217'           0             0       0               1               0
'4592303'           0             0       0               1               0
'4592305'           0             0       0               1               0
'4592307'           0             0       0               1               0
'4592311'           0             0       0               1               0
'4592313'           0             1       0               0               0
'4592315'           0             0       0               1               0
'4592317'           0             0       0               1               0
'4592325'           0             0       1               0               0
'4592327'           0             1       0               0               0
'4592333'           0             0       0               1               0
'4592379'           0             0       0               1               0
'4592383'           0             0       0               1               0
'4592385'           0             0       0               1               0
'4592387'           0             0       0               1               0
'4592389'           0             0       0               1               0
'4592391'           0             0       0               1               0
'4592401'           0             0       0               1               0
'4592403'           0             1       0               0               0
'4592407'           0             1       0               0               0
'4592409'           0             1       0               0               0
'4592411'           0             1       0               0               0
'4592413'           0             1       0               0               0
'4592763'           0             1       0               0               0
'4592765'           0             1       0               0               0
'4592771'           0             1       0               0               0
'4592773'           0             1       0               0               0
'4592777'           0             1       0               0               0
'4592779'           0             0       1               0               0
'4592781'           0             0       1               0               0
'4592789'           0             0       1               0               0
'4592791'           0             1       0               0               0
'4592793'           0             1       0               0               0
'4592795'           0             1       0               0               0
'4592797'           0             1       0               0               0
'4592801'           0             0       0               1               0
'4592803'           0             1       0               0               0
'4592805'           0             1       0               0               0
'4592807'           0             0       0               1               0
'4592809'           0             1       0               0               0
'4592811'           0             0       1               0               0
'4592813'           0             0       1               0               0
'4592815'           0             0       1               0               0
'4592819'           0             1       0               0               0
'4592825'           0             1       0               0               0
'4592833'           0             1       0               0               0
'4592835'           0             1       0               0               0
'4592837'           0             1       0               0               0
'4592839'           0             1       0               0               0
'4592845'           0             0       0               0               1
'4592851'           0             1       0               0               0
'4592853'           0             0       0               1               0
'4592859'           0             1       0               0               0
'4592861'           0             1       0               0               0
'4592865'           0             1       0               0               0
'4592867'           0             0       0               0               1
'4592869'           0             1       0               0               0
'4592873'           0             0       0               1               0
'4592875'           0             0       0               0               1
'4592877'           0             0       0               1               0
'4592879'           0             1       0               0               0
'4592881'           0             1       0               0               0
'4592883'           0             1       0               0               0
'4592885'           0             0       0               0               1
'4592887'           0             0       0               0               1
'4592889'           0             1       0               0               0
'4592891'           0             0       0               1               0
'4592895'           0             1       0               0               0
'4592899'           0             0       0               0               1
'4592901'           0             0       0               1               0
'4592907'           0             0       0               1               0
'4592909'           0             1       0               0               0
'4592911'           0             1       0               0               0
'4592913'           0             0       0               1               0
'4592915'           0             1       0               0               0
'4592925'           0             0       1               0               0
'4592931'           0             0       0               1               0
'4592933'           0             0       0               1               0
'4592937'           0             0       1               0               0
'4592939'           0             0       1               0               0
'4592949'           0             0       0               1               0
'4592953'           0             0       0               1               0
'4592957'           0             0       0               1               0
'4592961'           0             0       1               0               0
'4592977'           0             0       0               1               0
'4592981'           0             0       1               0               0
'4592983'           0             0       0               1               0
'4592985'           0             0       0               1               0
'4592987'           0             0       1               0               0
'4592989'           0             0       0               1               0
'4592993'           0             0       0               1               0
'4592995'           0             0       0               1               0
'4592999'           0             0       1               0               0
'4593003'           0             0       0               1               0
'4593005'           0             0       0               1               0
'4593007'           0             0       0               1               0
'4593009'           0             0       0               1               0
'4593011'           0             0       0               1               0
'4593013'           0             0       0               1               0
'4593015'           0             0       0               1               0
'4593017'           0             0       0               1               0
'4593019'           0             0       0               1               0
'4593021'           0             0       0               1               0
'4593023'           0             0       0               1               0
'4593027'           0             0       0               1               0
'4593029'           0             0       0               1               0
'4593033'           0             0       0               1               0
'4593035'           0             0       0               1               0
'4593037'           0             0       1               0               0
'4593045'           0             0       0               1               0
'4593047'           0             0       0               1               0
'4593051'           0             0       0               1               0
'4593053'           0             0       1               0               0
'4593055'           0             0       1               0               0
'4593059'           0             0       0               1               0
'4593061'           0             0       0               1               0
'4593071'           0             0       0               1               0
'4593083'           0             0       0               1               0
'4593087'           0             0       0               1               0
'4593089'           0             0       0               1               0
'4593091'           0             0       0               1               0
'4593093'           0             0       0               1               0
'4593095'           0             0       0               1               0
'4593097'           0             0       0               1               0
'4593099'           0             0       0               1               0
'4593101'           0             0       0               1               0
'4593103'           0             0       0               1               0
'4593113'           0             0       0               1               0
'4593119'           0             0       0               1               0
'4593175'           0             1       0               0               0
'4593177'           0             0       1               0               0
'4593179'           0             0       0               0               1
'4593181'           0             1       0               0               0
'4593183'           0             1       0               0               0
'4593187'           0             0       0               1               0
'4593191'           0             0       0               1               0
'4593193'           0             0       0               1               0
'4593197'           0             1       0               0               0
'4593199'           0             0       0               1               0
'4593201'           0             0       0               1               0
'4593203'           0             0       0               0               1
'4593205'           0             0       0               1               0
'4593207'           0             0       0               1               0
'4593209'           0             0       0               1               0
'4593213'           0             0       0               1               0
'4593215'           0             0       0               1               0
'4593221'           0             0       0               1               0
'4593231'           0             0       0               1               0
'4593239'           0             0       0               1               0
'4593241'           0             0       1               0               0
'4593247'           0             0       0               1               0
'4593251'           0             0       0               1               0
'4593253'           0             0       0               1               0
'4593259'           0             0       0               1               0
'4593261'           0             0       0               1               0
'4593263'           0             0       0               1               0
'4593265'           0             0       0               1               0
'4593267'           0             0       0               1               0
'4593269'           0             0       0               1               0
'4593271'           0             0       0               1               0
'4593273'           0             0       0               1               0
'4593275'           0             0       0               1               0
'4593277'           0             0       0               1               0
'4593279'           0             0       0               1               0
'4593281'           0             0       0               1               0
'4593291'           0             0       0               1               0
'4593301'           0             0       0               1               0
'4593303'           0             0       0               1               0
'4593317'           0             0       0               1               0
'4593321'           0             0       0               1               0
'4593329'           0             0       0               1               0
'4593337'           0             0       0               1               0
'4593339'           0             0       0               1               0
'4593345'           0             0       1               0               0
'4593347'           0             0       0               1               0
'4593349'           0             0       1               0               0
'4593353'           0             0       1               0               0
'4593355'           0             0       1               0               0
'4593365'           0             0       0               1               0
'4593369'           0             0       1               0               0
'4593371'           0             0       0               1               0
'4593387'           0             0       0               1               0
'4593393'           0             0       0               1               0
'4593395'           0             0       0               1               0
'4593867'           0             0       0               1               0
'4593883'           0             0       0               1               0
'4593893'           0             0       0               1               0
'4593901'           1             0       0               0               0
'4593905'           0             0       0               1               0
'4593907'           0             0       1               0               0
'4593911'           0             0       0               1               0
'4593913'           0             0       0               1               0
'4593917'           0             0       0               1               0
'4593921'           0             0       0               1               0
'4593923'           0             0       0               1               0
'4593937'           0             0       0               1               0
'4593943'           0             0       0               1               0
'4593947'           0             0       0               1               0
'4593953'           0             0       1               0               0
'4593957'           0             0       0               1               0
'4593961'           0             0       0               1               0
'4593963'           0             0       0               1               0
'4593965'           0             0       0               1               0
'4593967'           0             0       1               0               0
'4593969'           0             0       0               1               0
'4593971'           0             0       0               1               0
'4593975'           0             0       1               0               0
'4593979'           0             0       1               0               0
'4593981'           0             0       0               1               0
'4593983'           0             0       0               1               0
'4593985'           0             0       0               1               0
'4593991'           0             0       0               1               0
'4593993'           0             0       0               1               0
'4593995'           0             0       0               1               0
'4593997'           0             0       0               1               0
'4593999'           0             0       0               1               0
'4594003'           0             0       0               1               0
'4594005'           0             0       0               1               0
'4594009'           0             0       0               1               0
'4594011'           0             0       0               1               0
'4594017'           0             0       0               1               0
'4594021'           0             0       0               1               0
'4594027'           0             0       0               1               0
'4594029'           0             0       0               1               0
'4594031'           0             0       0               1               0
'4594035'           0             0       0               1               0
'4594037'           0             0       0               1               0
'4594039'           0             0       0               1               0
'4594043'           0             0       0               1               0
'4594045'           0             0       0               1               0
'4594047'           0             0       0               1               0
'4594049'           0             0       0               1               0
'4594051'           0             0       0               1               0
'4594053'           0             0       0               1               0
'4594055'           0             0       0               1               0
'4594057'           0             0       1               0               0
'4594061'           0             0       0               1               0
'4594063'           0             0       0               1               0
'4594065'           0             0       0               1               0
'4594067'           0             0       0               1               0
'4594069'           0             0       0               1               0
'4594071'           0             0       0               1               0
'4594073'           0             0       0               1               0
'4594075'           0             0       0               1               0
'4594077'           0             0       0               1               0
'4594079'           0             0       0               1               0
'4594081'           0             0       0               1               0
'4594085'           0             0       0               1               0
'4594087'           0             0       0               1               0
'4594089'           0             0       0               1               0
'4594097'           0             0       0               1               0
'4594099'           0             0       0               1               0
'4594103'           0             0       0               1               0
'4594105'           0             0       0               1               0
'4594107'           0             0       0               1               0
'4594109'           0             0       0               1               0
'4594113'           0             0       0               1               0
'4594117'           0             0       0               1               0
'4594123'           0             0       0               1               0
'4594127'           0             0       0               1               0
'4594129'           0             0       0               1               0
'4594131'           0             0       0               1               0
'4594133'           0             0       0               1               0
'4594135'           0             0       0               1               0
'4594137'           0             0       0               1               0
'4594143'           0             0       0               1               0
'4594145'           0             0       0               1               0
'4594153'           0             0       0               1               0
'4594155'           0             0       0               1               0
'4594159'           0             0       0               1               0
'4594161'           0             0       0               1               0
'4594163'           0             0       0               1               0
'4594165'           0             0       0               1               0
'4594167'           0             0       0               1               0
'4594171'           0             0       0               1               0
'4594173'           0             0       0               1               0
'4594177'           0             0       1               0               0
'4594179'           0             0       0               1               0
'4594181'           0             0       0               1               0
'4594183'           0             0       0               1               0
'4594185'           0             0       0               1               0
'4594189'           0             0       0               1               0
'4594195'           0             0       1               0               0
'4594199'           0             0       0               1               0
'4594201'           0             0       0               1               0
'4594203'           0             0       0               1               0
'4594205'           0             0       0               1               0
'4594207'           0             0       0               1               0
'4594209'           0             0       0               1               0
'4594211'           0             0       0               1               0
'4594213'           0             0       0               1               0
'4594215'           0             0       0               1               0
'4594219'           0             0       0               1               0
'4594221'           0             0       0               1               0
'4594223'           0             0       0               1               0
'4594225'           0             0       0               1               0
'4594227'           0             1       0               0               0
'4594229'           0             0       0               1               0
'4594231'           0             0       0               1               0
'4594233'           0             0       0               1               0
'4594235'           0             0       0               1               0
'4594239'           0             0       0               1               0
'4594243'           0             0       0               1               0
'4594245'           0             1       0               0               0
'4594247'           0             0       0               1               0
'4594249'           0             0       0               1               0
'4594251'           0             0       0               1               0
'4594257'           0             0       0               1               0
'4594259'           0             0       0               1               0
'4594261'           0             0       0               1               0
'4594285'           0             0       0               1               0
'4594287'           0             0       0               1               0
'4594289'           0             0       0               1               0
'4594291'           0             0       0               1               0
'4594295'           0             0       0               1               0
'4594297'           0             0       0               1               0
'4594299'           0             0       0               1               0
'4594301'           0             0       0               1               0
'4594305'           0             0       0               1               0
'4594307'           0             0       0               1               0
'4594309'           0             0       0               0               1
'4594311'           0             0       0               1               0
'4594315'           0             0       0               1               0
'4594317'           0             0       0               1               0
'4594319'           0             0       0               1               0
'4594323'           0             0       0               1               0
'4594327'           0             0       0               1               0
'4594333'           0             0       0               1               0
'4594335'           0             0       0               1               0
'4594337'           0             0       0               1               0
'4594339'           0             0       0               1               0
'4594341'           0             0       0               0               1
'4594343'           0             0       0               1               0
'4594345'           0             0       0               1               0
'4594347'           0             0       0               1               0
'4594349'           0             0       0               1               0
'4594351'           0             0       0               1               0
'4594355'           0             0       0               1               0
'4594359'           0             0       0               1               0
'4594361'           0             0       0               1               0
'4594363'           0             0       0               1               0
'4594367'           0             0       0               1               0
'4594369'           0             0       0               1               0
'4594371'           0             0       0               0               1
'4594375'           0             0       0               1               0
'4594377'           0             0       0               1               0
'4594381'           0             0       0               1               0
'4594383'           0             0       0               1               0
'4594387'           0             0       0               1               0
'4594389'           0             0       0               0               1
'4594391'           0             0       0               1               0
'4594393'           0             0       0               0               1
'4594395'           0             0       0               1               0
'4594399'           0             0       0               1               0
'4594401'           0             0       0               1               0
'4594405'           0             0       0               1               0
'4594407'           0             0       0               1               0
'4594411'           0             0       0               1               0
'4594413'           0             0       0               0               1
'4594415'           0             0       0               1               0
'4594417'           0             0       0               1               0
'4594419'           0             0       0               1               0
'4594423'           0             0       0               1               0
'4594427'           0             0       0               1               0
'4594429'           0             0       0               1               0
'4594433'           0             0       0               1               0
'4594435'           0             0       0               1               0
'4594437'           0             0       0               1               0
'4594439'           0             0       0               1               0
'4594443'           0             0       0               1               0
'4594445'           0             0       0               1               0
'4594447'           0             0       0               1               0
'4594451'           0             0       0               1               0
'4594459'           0             0       0               1               0
'4594521'           0             0       0               1               0
'4594523'           0             0       0               1               0
'4594525'           0             0       0               1               0
'4594527'           0             0       0               1               0
'4594529'           0             0       0               1               0
'4594531'           0             0       0               1               0
'4594533'           0             0       0               1               0
'4594535'           0             0       0               1               0
'4594537'           0             0       0               1               0
'4594539'           0             0       0               1               0
'4594541'           0             0       0               1               0
'4594545'           0             0       0               1               0
'4594547'           0             0       0               1               0
'4594549'           0             0       0               1               0
'4594551'           0             0       0               1               0
'4594553'           0             0       0               1               0
'4594555'           0             0       0               1               0
'4594557'           0             0       0               1               0
'4594559'           0             0       0               1               0
'4594561'           0             0       0               1               0
'4594563'           0             0       0               1               0
'4594565'           0             0       0               1               0
'4594567'           0             0       0               1               0
'4594569'           0             0       0               1               0
'4594571'           0             0       0               1               0
'4594573'           0             0       0               1               0
'4594579'           0             0       0               1               0
'4594581'           0             0       0               1               0
'4594583'           0             0       0               1               0
'4594585'           0             0       0               1               0
'4594587'           0             0       0               1               0
'4594589'           0             0       0               1               0
'4594591'           0             0       0               1               0
'4594593'           0             0       0               0               1
'4594599'           0             0       0               1               0
'4594609'           0             0       0               1               0
'4594611'           0             0       1               0               0
'4594623'           1             0       0               0               0
'4594625'           1             0       0               0               0
'4594627'           0             0       0               1               0
'4594631'           0             0       0               1               0
'4594633'           0             0       0               1               0
'4594635'           1             0       0               0               0
'4594637'           1             0       0               0               0
'4594639'           0             0       1               0               0
'4594643'           0             0       0               1               0
'4594649'           0             0       0               1               0
'4594651'           0             0       0               1               0
'4594653'           0             0       0               1               0
'4594655'           0             0       0               1               0
'4594661'           0             0       0               1               0
'4594665'           0             0       0               1               0
'4594673'           0             0       0               1               0
'4594675'           0             0       0               1               0
'4594679'           0             0       0               1               0
'4594681'           0             0       0               1               0
'4594683'           0             0       0               1               0
'4594685'           0             0       0               1               0
'4594687'           0             0       0               1               0
'4594697'           0             0       0               1               0
'4594701'           0             0       0               1               0
'4594705'           0             0       0               1               0
'4594709'           0             0       0               1               0
'4594711'           0             0       0               1               0
'4594713'           0             0       0               1               0
'4594715'           0             0       0               1               0
'4594717'           0             0       0               1               0
'4594721'           0             0       0               1               0
'4594723'           0             0       0               1               0
'4594725'           0             0       0               1               0
'4594727'           0             0       0               1               0
'4594729'           0             0       0               1               0
'4594733'           0             0       0               1               0
'4594741'           0             0       0               1               0
'4594743'           0             0       0               1               0
'4594745'           0             0       0               1               0
'4594747'           0             0       0               1               0
'4594749'           0             0       0               1               0
'4594753'           0             0       0               1               0
'4594755'           0             0       0               1               0
'4594757'           0             0       1               0               0
'4594759'           0             0       0               1               0
'4594761'           0             0       0               1               0
'4594763'           0             0       0               1               0
'4594767'           0             0       0               1               0
'4594769'           0             0       1               0               0
'4594771'           0             0       1               0               0
'4594773'           0             0       0               1               0
'4594775'           0             0       0               1               0
'4594777'           0             0       0               1               0
'4594779'           0             0       1               0               0
'4594783'           0             0       0               1               0
'4594785'           0             0       0               1               0
'4594793'           0             0       0               1               0
'4594795'           0             0       0               1               0
'4594797'           0             0       0               1               0
'4594799'           0             0       0               1               0
'4594803'           0             0       0               1               0
'4594805'           0             0       0               1               0
'4594807'           0             0       0               1               0
'4594809'           0             0       0               1               0
'4594813'           0             0       0               1               0
'4594817'           0             0       0               1               0
'4594819'           0             0       0               1               0
'4594821'           0             0       0               1               0
'4594823'           0             0       0               1               0
'4594825'           0             0       0               1               0
'4594969'           0             0       0               1               0
'4594973'           0             0       0               1               0
'4594975'           0             0       0               1               0
'4594977'           0             0       0               1               0
'4594979'           0             0       0               1               0
'4594983'           0             0       0               1               0
'4594985'           0             0       0               1               0
'4594987'           0             0       0               0               1
'4594989'           0             0       0               0               1
'4594991'           0             0       0               0               1
'4594993'           0             0       0               1               0
'4594995'           0             0       0               1               0
'4594997'           0             0       0               0               1
'4594999'           0             0       0               1               0
'4595001'           0             0       0               1               0
'4595003'           0             0       0               0               1
'4595005'           0             0       0               1               0
'4595007'           0             0       0               1               0
'4595009'           0             0       0               0               1
'4595039'           0             0       0               1               0
'4595041'           0             0       0               1               0
'4595043'           0             0       0               0               1
'4595049'           0             0       0               1               0
'4595051'           0             0       0               1               0
'4595053'           0             0       0               1               0
'4595055'           0             0       0               1               0
'4595059'           0             0       0               0               1
'4595063'           0             0       0               0               1
'4595065'           0             0       0               1               0
'4595069'           0             0       0               1               0
'4595075'           0             0       0               0               1
'4595077'           0             0       0               1               0
'4595079'           0             0       0               1               0
'4595083'           0             0       0               0               1
'4595087'           0             0       0               1               0
'4595089'           0             0       0               1               0
'4595095'           0             0       1               0               0
'4595099'           0             0       0               1               0
'4595103'           0             0       0               1               0
'4595105'           0             0       0               1               0
'4596473'           0             1       0               0               0
'4596477'           0             1       0               0               0
'4596491'           0             0       0               1               0
'9325926'           0             0       0               1               0
'9325930'           0             0       0               1               0
'9325932'           0             0       0               0               1
'9325936'           0             0       0               0               1
'9325938'           0             0       0               1               0
'9325940'           0             0       0               1               0
'9325960'           0             0       0               1               0
'9325962'           0             0       0               1               0
'9325974'           0             0       0               1               0
'9325980'           0             0       0               1               0
'9326020'           0             0       0               1               0
'9326024'           0             0       0               1               0
'9326028'           0             0       0               1               0
'9326114'           0             0       0               1               0
'9326116'           0             0       0               0               1
'9326118'           0             0       0               1               0
'9326120'           0             0       0               1               0
'9326122'           0             0       0               0               1
'9326126'           0             0       0               0               1
'9326128'           0             0       0               0               1
'9326130'           0             0       0               1               0
'9326132'           0             0       0               1               0
'9326134'           0             0       0               1               0
'9326136'           0             0       0               1               0
'9326138'           0             0       0               1               0
'9326140'           0             0       0               1               0
'9326142'           0             0       0               1               0
'9326144'           0             0       0               1               0
'9326146'           0             0       0               1               0
'9326148'           0             0       1               0               0
'9326150'           0             0       0               1               0
'9326152'           0             0       0               1               0
'9326156'           0             0       0               1               0
'9326158'           0             0       0               0               1
'9326188'           0             0       0               1               0
'9326190'           0             0       1               0               0
'9326192'           0             0       0               1               0
'9326194'           0             0       1               0               0
'9326196'           0             0       0               1               0
'9326198'           0             0       0               1               0
'9326204'           0             0       0               0               1
'9326206'           0             0       0               0               1
'9326214'           0             0       0               0               1
'9326216'           0             0       0               1               0
'9326218'           0             0       0               0               1
'9326220'           0             0       0               1               0
'9326222'           0             0       0               1               0
'9326224'           0             0       0               0              -1.180985009e-10
'9326228'           0             0       0               0               1
'9326234'           0             0       0               1               0
'9326236'           0             0       0               1               0
'9326238'           0             0       0               1               0
'9326240'           0             0       0               1               0
'9326242'           0             0       0               1               0
'9326304'           0             0       0               1               0
'9326306'           0             0       0               1               0
'9326308'           0             0       0               1               0
'9326314'           0             0       0               1               0
'9326430'           0             0       0               1               0
'9327640'           0             0       0               0               1
;

ripbuf_length :=
;

loads_lim_N1 :=
1 3 limits    38143.8241
2 3 limits    31628.24072
3 3 limits    20960.45687
4 3 limits   121859.8284
;


