# Tier 1 Data AMPL File

param baseloads_N1 : 'point' 'urban' 'ag' 'septic' 'storage' 'other' :=
'6168730'	1	1	0	23.6449465538489	28.3916619742556	0.0973486220180166	0.0000000173486002080145	80.520817
'6168730'	2	1	0	2.87084652504839	3.54944599527082	0.0973486183154745	0.0000000099856826544228	44.578001
'6168730'	3	1	0	0.0176069505300398	0.093306520023591	0.0973486196505984	0.000000000610173276463898	20.527186
'6168730'	4	1	0	4.89180099547402	5.96615657602174	0.0973486188111374	0.00000000642311279627017	65.026017
'6168734'	1	1	0	29.5092763008688	11.7460334748737	0.191326325782838	0.0000000166286767932608	51.714406
'6168734'	2	1	0	3.59298574831814	1.49662473190776	0.191326323298227	0.000000009605142638676	29.179368
'6168734'	3	1	0	0.010831365923351	0.038984096963569	0.191326323493876	0.000000000590687702434802	13.313978
'6168734'	4	1	0	6.33915304416162	2.58268263703621	0.191326322627237	0.00000000618025774315516	43.698495
'6168736'	1	1	0	53.7972855235222	17.7121020814936	0.495317192198279	0.0000000172915518214686	55.79377
'6168736'	2	1	0	8.9309606905167	3.07517388623676	0.49531717095124	0.0000000102657010551458	41.931685
'6168736'	3	1	0	0.0482048990289596	0.10187630404399	0.495317181491648	0.000000000655753192234138	23.652352
'6168736'	4	1	0	12.7907457400629	4.33436763453151	0.49531719577432	0.00000000660676262728135	51.156098
'6168738'	1	1	0	12.8234879602539	12.0903326151225	0.145499677084925	0.0000000149856321623779	9.6480461
'6168738'	2	1	0	2.02297147433362	2.02155624607071	0.145499673666059	0.0000000103493813885409	6.0326172
'6168738'	3	1	0	0.00872834827971834	0.0992051149030196	0.145499673747082	0.0000000011373844666144	2.8992504
'6168738'	4	1	0	3.40882648983216	3.31351896094755	0.145499671903342	0.00000000693479520310428	8.2849446
'6168740'	1	1	0	41.9158088832179	222.418085053787	2.08627910527048	0.0000000219407298511929	150.68362
'6168740'	2	1	0	7.45055214692113	48.205978621965	2.08627904913254	0.000000021353202535746	86.745305
'6168740'	3	1	0	0.834477507780769	10.1467559461958	2.08627907245677	0.0000000103638956734289	40.43855
'6168740'	4	1	0	15.0790924351418	86.7660901845022	2.08627909397926	0.0000000156667888334112	119.83846
'6168742'	1	1	0	50.6516796813373	134.597226529549	2.26425853350057	0.0000000204647499805759	97.674735
'6168742'	2	1	0	8.95233142114478	28.5305709575418	2.26425858334526	0.0000000195855604967094	55.053353
'6168742'	3	1	0	0.672173362545288	6.06398417228764	2.26425855394597	0.00000000933443359186872	26.270597
'6168742'	4	1	0	18.7021201869598	53.33017929229	2.26425855419516	0.0000000143514817224939	79.93414
'6168744'	1	1	0	3.06994487651282	49.7218836265859	0	0.0000000172678501166659	15.593035
'6168744'	2	1	0	0.678516795590442	10.9894915685329	0	0.0000000170060535479298	8.8729886
'6168744'	3	1	0	0.152554823485853	2.47083039207094	0	0.00000000838000379891334	4.3790304
'6168744'	4	1	0	1.24006773988291	20.0845641614965	0	0.0000000124253376658958	12.844009
'6168746'	1	1	0	455.88310620696	0	0.0117044538373604	0.0000000175491865937573	17.664914
'6168746'	2	1	0	105.345200158095	0	0.0117044537396593	0.0000000175072899189504	10.352643
'6168746'	3	1	0	25.2123070754078	0	0.0117044535498058	0.00000000876622957466552	5.3838592
'6168746'	4	1	0	183.256256047266	0	0.0117044533002446	0.0000000128055974716174	14.249813
'6168748'	1	1	0	4.34092886878845	230.064601542932	0.366185123390776	0.0000000210482066104364	102.03445
'6168748'	2	1	0	0.698936826294658	50.1528597721786	0.366185126542698	0.0000000207431114466741	56.152918
'6168748'	3	1	0	0.125081886434548	8.97536676865986	0.366185121061973	0.00000000857625102644518	25.746914
'6168748'	4	1	0	1.56840063964668	94.5546886270132	0.366185120239134	0.0000000151166332242736	83.583678
'6168750'	1	1	0	8.33884810400471	61.3133456607403	0.0483597171602727	0.0000000158899239075348	5.6451788
'6168750'	2	1	0	2.0111015793682	15.0553633241743	0.0483597179729687	0.0000000173673739387625	3.167929
'6168750'	3	1	0	0.584101414038597	4.62350628641287	0.0483597176506503	0.0000000100267886896395	1.7949905
'6168750'	4	1	0	3.56941044023782	26.447131924197	0.0483597175523077	0.0000000127724112166738	4.3698103
'6168752'	1	1	0	114.504233553425	1044.10910614062	1.448058128426	0.0000000234846601464107	284.97476
'6168752'	2	1	0	25.8488230778662	245.798703092219	1.448058177023	0.0000000249517111420816	154.32271
'6168752'	3	1	0	5.68130042790614	64.1973369156127	1.44805816009469	0.0000000142493347464207	74.507499
'6168752'	4	1	0	50.0642770687538	463.85024465833	1.44805813939895	0.0000000184691718109506	227.18416
'6168754'	1	1	0	70.3315890905426	504.144643001907	1.64296883770123	0.0000000210977681776186	146.89147
'6168754'	2	1	0	13.1523619899883	103.63365849387	1.64296884281495	0.0000000200697151892802	78.447214
'6168754'	3	1	0	1.57151416940795	22.5157948552886	1.6429688229065	0.00000000952520261837484	38.008946
'6168754'	4	1	0	26.1222085471309	194.48073554347	1.64296882060001	0.0000000147141255576744	117.06008
'6168768'	1	1	0	50.5909656267498	525.135921205702	1.3892236583973	0.0000000208764287724861	107.87371
'6168768'	2	1	0	13.4385887809195	149.799704843673	1.38922369920674	0.0000000236075575737112	67.246077
'6168768'	3	1	0	2.19518976105156	36.2119547316072	1.38922366243752	0.0000000124740070099882	31.991376
'6168768'	4	1	0	22.9562002698555	245.952485108427	1.38922372807377	0.0000000175389410571748	86.262461
'6168770'	1	1	0	62.540489502073	2207.58980254106	2.08633696527091	0.000000023100590449502	232.94537
'6168770'	2	1	0	15.5706428021943	603.145338852714	2.0863369496734	0.0000000266082608193802	134.69409
'6168770'	3	1	0	2.63426855661722	161.251314248094	2.08633693885859	0.0000000160376403687125	62.202481
'6168770'	4	1	0	28.5149778857582	1045.31128294444	2.08633691343791	0.0000000198092664895716	182.12293
'6168772'	1	1	0	21.9903508773761	16.2819569941629	2.46893876285593	0.0000000198675930608532	76.842121
'6168772'	2	1	0	3.71376834088321	4.11567835481962	2.46893883232723	0.0000000227246203784309	41.979284
'6168772'	3	1	0	0.708599712502716	1.09693859089205	2.46893877030908	0.0000000138541809187477	19.246568
'6168772'	4	1	0	8.92976159806862	7.58783880532164	2.46893884029925	0.000000017068666749558	60.357887
'6168774'	1	1	0	146.527076072683	16.8249886958648	1.12846350694756	0.0000000197904994557275	73.176188
'6168774'	2	1	0	39.0142774713606	4.57416745704904	1.1284635073303	0.0000000228799827012156	42.995986
'6168774'	3	1	0	9.33496319982307	1.19228198765897	1.12846347430016	0.0000000140976217999267	19.278455
'6168774'	4	1	0	68.6416888744526	7.95013873918759	1.12846346950481	0.0000000171269939074884	58.279108
'6168776'	1	1	0	235.3663042	71.305407	0.22558337	0.000000018489311	28.2913
'6168776'	2	1	0	70.0399619961153	21.2669180605596	0.225583371805441	0.0000000227941473428448	17.291257
'6168776'	3	1	0	22.9056665225956	7.00101838911262	0.225583372824749	0.0000000147780852398386	9.3657068
'6168776'	4	1	0	119.895756647062	36.3565173652003	0.225583368833796	0.0000000169521505258579	22.981247
'6168778'	1	1	0	168.29069321	3.1009572	0.0062075699	0.000000014441822	2.522579
'6168778'	2	1	0	56.27899433	1.03708388	0.0062075699	0.000000018121095	1.7213067
'6168778'	3	1	0	19.3998642151951	0.357566890799607	0.00620756989857341	0.0000000119122705984134	0.97224799
'6168778'	4	1	0	90.0428334593201	1.65919997236449	0.00620756983827226	0.0000000134476238529772	2.1400967
'6168780'	1	1	0	118.3820593	44.929762	0.42601212	0.000000018324827	25.486867
'6168780'	2	1	0	34.5532027937659	13.2281231686293	0.42601211569818	0.0000000219155054417046	15.95102
'6168780'	3	1	0	10.358022568999	4.0782086600786	0.42601212351654	0.000000013936548939502	8.3174462
'6168780'	4	1	0	57.8772044686559	22.0485834369061	0.42601212090502	0.0000000162727793092995	20.713136
'6168782'	1	1	0	194.458738	106.864494	2.9139434	0.000000021692729	137.55266
'6168782'	2	1	0	53.8992935382825	30.7606796526546	2.91394342293219	0.0000000252969035801427	84.166518
'6168782'	3	1	0	13.9151173837146	9.1118441333548	2.9139434430572	0.000000015828310386776	42.167713
'6168782'	4	1	0	94.0407901360536	52.4946947438653	2.91394345900937	0.0000000188296660269055	111.90096
'6168784'	1	1	0	91.6412764	1.90383251	0.35437571	0.000000018016225	20.934632
'6168784'	2	1	0	29.0390402808098	0.608291162178915	0.354375713423706	0.0000000222325865718645	13.706913
'6168784'	3	1	0	9.34539501282984	0.200734909830306	0.354375714793521	0.0000000144642388561344	7.4423208
'6168784'	4	1	0	46.8243582714963	0.976354922772635	0.354375717718233	0.0000000164723832559088	17.104295
'6168798'	1	1	0	455.274687515027	151.272401716343	0.881799534484588	0.0000000214582286502797	154.93716
'6168798'	2	1	0	145.331176121892	48.4877189012198	0.881799529690989	0.0000000262493560793537	101.8057
'6168798'	3	1	0	53.6082957001572	18.070219574631	0.881799510659815	0.0000000198765834397735	53.078513
'6168798'	4	1	0	254.775411979686	84.7820450020999	0.881799529202867	0.0000000218548583705503	123.64713
'6168892'	1	1	0	6.27476091800321	418.201111071791	0.461281842977303	0.0000000197009545485698	97.847251
'6168892'	2	1	0	0.680194638153439	70.8675313402624	0.461281844471765	0.0000000147358644631189	56.649774
'6168892'	3	1	0	0.042047388279603	4.90329855488018	0.461281832557448	0.00000000226324419728036	27.274583
'6168892'	4	1	0	1.5681524785775	125.995587121591	0.461281839491274	0.000000010183466861023	81.793736
'6168910'	1	1	0	6.72179727622559	21.903619136911	0.0641992771567842	0.0000000156206341151646	18.275571
'6168910'	2	1	0	1.06513129269225	3.6452165293026	0.06419927775114	0.000000009411695779185	11.499034
'6168910'	3	1	0	0.00399915046401289	0.111675163883396	0.0641992778467009	0.000000000606754713598726	3.4804309
'6168910'	4	1	0	1.61400967124683	5.41686835714817	0.0641992767600744	0.00000000608561131883544	14.331692
'6168912'	1	1	0	0.0484184784018753	0	0.00658813552465895	0.000000011308143608653	0.43784562
'6168912'	2	1	0	0.00911427871947623	0	0.00658813549891162	0.00000000862134118286897	0.25657587
'6168912'	3	1	0	0.00065313958139703	0	0.0065881352623086	0.00000000134890822273662	0.090505757
'6168912'	4	1	0	0.0149933531511592	0	0.00658813555810638	0.00000000594984134670237	0.33892098
'6168914'	1	1	0	10.9015251914429	13.5046329753425	0.829015412202005	0.0000000183928638539525	61.290625
'6168914'	2	1	0	1.04666424293071	2.15935189259002	0.829015394186371	0.0000000129117741569123	30.508323
'6168914'	3	1	0	0.028860331988124	0.098258840005599	0.82901538851859	0.00000000144373907906046	6.8335004
'6168914'	4	1	0	2.18025382942752	3.46438225103797	0.829015407474453	0.00000000866051634490884	39.303107
'6168916'	1	1	0	8.19369517890548	62.1965164926006	0.625265392942428	0.000000019715117986324	76.959286
'6168916'	2	1	0	1.11689961057438	11.6439338328347	0.625265393931112	0.0000000165526518516279	38.671641
'6168916'	3	1	0	0.109127543240654	1.13767958652143	0.625265417095274	0.0000000036892940555508	10.010682
'6168916'	4	1	0	2.31077814552025	20.7067120125258	0.625265387441946	0.0000000116230964619291	53.216529
'6168918'	1	1	0	268.69887507195	0	0.0269833203793385	0.0000000177328857437397	18.932342
'6168918'	2	1	0	60.0552029628634	0	0.0269833204474852	0.0000000178733383580977	10.642057
'6168918'	3	1	0	13.5097629476562	0	0.0269833204336729	0.00000000899964671434032	4.6941528
'6168918'	4	1	0	108.704525293315	0	0.0269833203464121	0.0000000130795652423671	14.96784
'6168920'	1	1	0	1.25897764688414	78.9914973337193	0.140383354678188	0.0000000183714792108192	25.238482
'6168920'	2	1	0	0.291917035779092	18.3156252482395	0.140383356058268	0.0000000186586656037643	13.668417
'6168920'	3	1	0	0.060387807949379	3.78888642901163	0.140383353095133	0.0000000078682851861686	5.2820505
'6168920'	4	1	0	0.521190068643827	32.7008050598004	0.140383356732303	0.000000013560715673354	19.186183
'6168922'	1	1	0	145.83187767111	0	0.0275290427259067	0.0000000133020671735368	1.1749966
'6168922'	2	1	0	38.4806905548655	0	0.0275290424662357	0.0000000155301742765605	0.65238263
'6168922'	3	1	0	10.707912437759	0	0.027529042783583	0.00000000854101001867232	0.30879294
'6168922'	4	1	0	69.9836072961436	0	0.0275290426142285	0.0000000115546261529918	0.924464
'6168924'	1	1	0	0.0499669613884652	4.04640820668302	0.00584669160627533	0.0000000128661297186545	0.78223135
'6168924'	2	1	0	0.0139537718083652	1.1299997928755	0.0058466915083255	0.0000000155355926302838	0.45939966
'6168924'	3	1	0	0.00508275020056608	0.411609631309699	0.00584669154366931	0.00000000976604233690848	0.28411643
'6168924'	4	1	0	0.0212601736597984	1.72168453356544	0.00584669156157139	0.0000000115981478518844	0.54555659
'6168926'	1	1	0	160.2333754	0.00000078928364	0.052282064	0.000000015676917	5.3887497
'6168926'	2	1	0	44.7344712513278	0.000000220540320241375	0.052282064304934	0.0000000188811296517006	3.1529596
'6168926'	3	1	0	16.5378483265624	0.0000000816936374141817	0.0522820639572088	0.0000000118881849123507	1.9557604
'6168926'	4	1	0	68.6579376347807	0.000000338345008519626	0.0522820640877859	0.0000000140719441593909	3.7672853
'6168960'	1	1	0	23.7591156303485	39.8915988439155	1.71501784740369	0.0000000179790742644243	61.939464
'6168960'	2	1	0	2.47150575660424	6.55594900369026	1.71501778961273	0.0000000131610679190808	22.765608
'6168960'	3	1	0	0.121307271254081	0.698128651072487	1.71501783534806	0.00000000313479473857246	4.3199721
'6168960'	4	1	0	5.60868572677419	11.468663040036	1.71501785546152	0.00000000970332453495746	31.109565
'6170116'	1	1	0	39.2396023365759	58.5047865168794	1.24517724374432	0.0000000171617588438398	23.517854
'6170116'	2	1	0	7.16814602499101	12.1581415614484	1.24517729399069	0.0000000161594487368928	13.422284
'6170116'	3	1	0	0.522860904357475	2.55500208953144	1.24517726090095	0.00000000760365742069287	6.5880429
'6170116'	4	1	0	14.3208219382285	22.4945146781322	1.24517724608464	0.0000000118558985814333	19.482155
'6170150'	1	1	0	98.4278108228022	68.0790592149614	1.12064307342616	0.0000000186153077724623	62.642895
'6170150'	2	1	0	19.316006103647	13.9761872567027	1.12064304545842	0.0000000172295446824415	34.768728
'6170150'	3	1	0	3.16637338656039	2.93179886996394	1.12064303183308	0.00000000798969482579808	16.962983
'6170150'	4	1	0	37.1435581074126	26.1680689736404	1.12064304917725	0.0000000126099427936646	51.934495
'6170510'	1	1	0	86.697368	1278.7604	8.4111853	0.000000023891095	504.43364
'6170510'	2	1	0	15.4918239388388	309.210517647993	8.41118523917285	0.0000000255560882646106	277.62141
'6170510'	3	1	0	4.04190842844912	80.6748534984585	8.41118525408448	0.0000000148300435485012	128.92765
'6170510'	4	1	0	33.1031350817058	558.171342788728	8.41118492206035	0.0000000192153473094437	391.78677
'6171766'	1	1	0	0	0	0.000077553673	0.000000010405725	0.13604895
'6171766'	2	1	0	0	0	0.000077553673	0.000000013357023	0.14125355
'6171766'	3	1	0	0	0	0.000077553673	0.000000012065117	0.10726727
'6171766'	4	1	0	0	0	0.000077553673	0.000000012083919	0.12644038
;

param transfer_coefficients_N1 : 'coeff' :=
'6168730'	1	1	0.000000000145543342061877
'6168730'	2	1	0.000000000412378139746982
'6168730'	3	1	0.000000000784901793206049
'6168730'	4	1	0.000000000219858418525581
'6168734'	1	1	0.000000000196744847671756
'6168734'	2	1	0.00000000056953148225176
'6168734'	3	1	0.000000000967899168924246
'6168734'	4	1	0.000000000289015814737334
'6168736'	1	1	0.000000000144715268553911
'6168736'	2	1	0.000000000343308795681829
'6168736'	3	1	0.00000000048552101459096
'6168736'	4	1	0.000000000202195130618127
'6168738'	1	1	0.000000000444788053219322
'6168738'	2	1	0.00000000143014001818218
'6168738'	3	1	0.0000000026066862807992
'6168738'	4	1	0.000000000698150035195558
'6168740'	1	1	0.0000000000526868625732333
'6168740'	2	1	0.000000000168990445756796
'6168740'	3	1	0.000000000337204392967662
'6168740'	4	1	0.0000000000871560214605267
'6168742'	1	1	0.000000000072132656737645
'6168742'	2	1	0.000000000237894497074219
'6168742'	3	1	0.000000000465817876389173
'6168742'	4	1	0.000000000116032806884689
'6168744'	1	1	0.000000000252765082037341
'6168744'	2	1	0.000000000910074010948292
'6168744'	3	1	0.00000000184722156400404
'6168744'	4	1	0.000000000421894442455345
'6168746'	1	1	0.000000000037064144948566
'6168746'	2	1	0.000000000154017869770166
'6168746'	3	1	0.000000000317189855550983
'6168746'	4	1	0.0000000000665467244405873
'6168748'	1	1	0.0000000000627283041759923
'6168748'	2	1	0.000000000214820442585983
'6168748'	3	1	0.000000000443668547761247
'6168748'	4	1	0.000000000100669476914603
'6168750'	1	1	0.00000000021090701995893
'6168750'	2	1	0.000000000870955590497428
'6168750'	3	1	0.00000000158971383381163
'6168750'	4	1	0.000000000384503175894771
'6168752'	1	1	0.0000000000162546994189158
'6168752'	2	1	0.0000000000607466472127873
'6168752'	3	1	0.000000000123944265275314
'6168752'	4	1	0.0000000000271889980460483
'6168754'	1	1	0.0000000000292704227896527
'6168754'	2	1	0.000000000112055691098616
'6168754'	3	1	0.00000000022841724747062
'6168754'	4	1	0.000000000049950745956768
'6168768'	1	1	0.000000000030509592183678
'6168768'	2	1	0.000000000104004605776072
'6168768'	3	1	0.00000000021485202696815
'6168768'	4	1	0.0000000000523032097903444
'6168770'	1	1	0.00000000000922193086201625
'6168770'	2	1	0.0000000000354519478035265
'6168770'	3	1	0.0000000000771061235289770
'6168770'	4	1	0.0000000000162538881341398
'6168772'	1	1	0.000000000170616592381962
'6168772'	2	1	0.000000000460551244722814
'6168772'	3	1	0.000000000820672203845587
'6168772'	4	1	0.000000000263772737009819
'6168774'	1	1	0.0000000000836547743002077
'6168774'	2	1	0.00000000027010941619515
'6168774'	3	1	0.000000000580540319129285
'6168774'	4	1	0.000000000140536387849825
'6168776'	1	1	0.0000000000551609192511437
'6168776'	2	1	0.000000000209604460884362
'6168776'	3	1	0.000000000399425964287996
'6168776'	4	1	0.0000000000967740763587208
'6168778'	1	1	0.0000000000830369463737596
'6168778'	2	1	0.000000000306910440800284
'6168778'	3	1	0.000000000581579276578073
'6168778'	4	1	0.000000000143890280076941
'6168780'	1	1	0.0000000000968416224602386
'6168780'	2	1	0.000000000345031717269295
'6168780'	3	1	0.000000000677171279743107
'6168780'	4	1	0.000000000168523025794157
'6168782'	1	1	0.0000000000491019196475946
'6168782'	2	1	0.000000000150256443564971
'6168782'	3	1	0.000000000288146541049424
'6168782'	4	1	0.0000000000794436535176037
'6168784'	1	1	0.00000000015688913301603
'6168784'	2	1	0.00000000050935039730237
'6168784'	3	1	0.000000000941896619617533
'6168784'	4	1	0.000000000265388522974381
'6168798'	1	1	0.0000000000281712276610054
'6168798'	2	1	0.0000000000888013534533263
'6168798'	3	1	0.000000000168283051293241
'6168798'	4	1	0.0000000000482980660982978
'6168892'	1	1	0.0000000000382037930133785
'6168892'	2	1	0.000000000141058016110724
'6168892'	3	1	0.000000000277563995669987
'6168892'	4	1	0.0000000000623043531004668
'6168910'	1	1	0.000000000349009195291545
'6168910'	2	1	0.000000000903350583126973
'6168910'	3	1	0.00000000155018649653154
'6168910'	4	1	0.000000000497050977141179
'6168912'	1	1	0.0000000242039799157096
'6168912'	2	1	0.0000000480351240860338
'6168912'	3	1	0.0000000624519509989109
'6168912'	4	1	0.0000000318241182013282
'6168914'	1	1	0.000000000221773927761337
'6168914'	2	1	0.000000000549224398363444
'6168914'	3	1	0.000000000707644777188474
'6168914'	4	1	0.000000000337617594462127
'6168916'	1	1	0.000000000134094568897667
'6168916'	2	1	0.000000000381207057660819
'6168916'	3	1	0.000000000675424574004125
'6168916'	4	1	0.000000000205976125500579
'6168918'	1	1	0.0000000000616491572008912
'6168918'	2	1	0.000000000259617792083104
'6168918'	3	1	0.000000000564622540375083
'6168918'	4	1	0.000000000110236871374551
'6168920'	1	1	0.000000000173959624656424
'6168920'	2	1	0.000000000608218341189203
'6168920'	3	1	0.00000000112735483474532
'6168920'	4	1	0.000000000289192998904375
'6168922'	1	1	0.0000000000904693459914615
'6168922'	2	1	0.000000000396776017005588
'6168922'	3	1	0.000000000780063043342799
'6168922'	4	1	0.00000000016333522159172
'6168924'	1	1	0.00000000263425356332146
'6168924'	2	1	0.00000000973815199425161
'6168924'	3	1	0.0000000157733263143607
'6168924'	4	1	0.00000000532031258275598
'6168926'	1	1	0.0000000000946248560184208
'6168926'	2	1	0.000000000394516792685885
'6168926'	3	1	0.000000000661601763731769
'6168926'	4	1	0.000000000196250519069379
'6168960'	1	1	0.000000000144105307875757
'6168960'	2	1	0.000000000429269003062655
'6168960'	3	1	0.000000000614196747678378
'6168960'	4	1	0.000000000237108767332913
'6170116'	1	1	0.000000000141602065563274
'6170116'	2	1	0.000000000536010794488421
'6170116'	3	1	0.00000000112264274819354
'6170116'	4	1	0.000000000241341323769399
'6170150'	1	1	0.0000000000821177133582378
'6170150'	2	1	0.000000000291244130489225
'6170150'	3	1	0.00000000059147808605481
'6170150'	4	1	0.000000000134356270318192
'6170510'	1	1	0.0000000000127195133973178
'6170510'	2	1	0.000000000043912395536533
'6170510'	3	1	0.0000000000863263557644249
'6170510'	4	1	0.0000000000217112620113712
'6171766'	1	1	0.0000000764415740050622
'6171766'	2	1	0.0000000945087202357749
'6171766'	3	1	0.000000112395877426601
'6171766'	4	1	0.0000000955115017692196
;

param transfer_coefficients_P1 : 'coeff' :=
;

param riparianload_N1 : 'riparian' :=
'6168730'	1	1	22.2125357372418
'6168730'	2	1	5.80221920223933
'6168730'	3	1	0.331122302152264
'6168730'	4	1	5.76038360853195
'6168734'	1	1	20.3251583600485
'6168734'	2	1	7.72168155795968
'6168734'	3	1	0.507855682537033
'6168734'	4	1	6.19224525567489
'6168736'	1	1	19.2382110066076
'6168736'	2	1	6.71511159771893
'6168736'	3	1	0.425401443260368
'6168736'	4	1	5.79440993261492
'6168738'	1	1	21.3374123244125
'6168738'	2	1	7.23662106993955
'6168738'	3	1	0.436333468661859
'6168738'	4	1	8.01516041343267
'6168740'	1	1	113.682020339838
'6168740'	2	1	28.7239752487588
'6168740'	3	1	7.96632500201428
'6168740'	4	1	46.0830247070864
'6168742'	1	1	94.9971846224321
'6168742'	2	1	37.6133649988242
'6168742'	3	1	15.9107915278708
'6168742'	4	1	44.6849037884363
'6168744'	1	1	0
'6168744'	2	1	0
'6168744'	3	1	0
'6168744'	4	1	0
'6168746'	1	1	4.18792497858744
'6168746'	2	1	3.3780398610184
'6168746'	3	1	1.88546507809165
'6168746'	4	1	2.70469064054831
'6168748'	1	1	133.610394291543
'6168748'	2	1	43.1167065464409
'6168748'	3	1	13.3530518706719
'6168748'	4	1	60.4935067424032
'6168750'	1	1	36.1019806879774
'6168750'	2	1	13.2092471018937
'6168750'	3	1	6.1511374490741
'6168750'	4	1	17.5245977373269
'6168752'	1	1	531.49649520496
'6168752'	2	1	145.515035149653
'6168752'	3	1	48.9575878951575
'6168752'	4	1	244.741693211522
'6168754'	1	1	242.029408724305
'6168754'	2	1	49.9712600627579
'6168754'	3	1	10.9535742993525
'6168754'	4	1	93.4573828628138
'6168768'	1	1	273.866121734186
'6168768'	2	1	92.4861858308927
'6168768'	3	1	30.0895935860092
'6168768'	4	1	134.707579931844
'6168770'	1	1	1095.35660795733
'6168770'	2	1	324.960877257171
'6168770'	3	1	102.439924200943
'6168770'	4	1	530.241553618529
'6168772'	1	1	16.1128816674715
'6168772'	2	1	9.81634777243071
'6168772'	3	1	6.04982774321035
'6168772'	4	1	10.0255900677294
'6168774'	1	1	17.1881163404856
'6168774'	2	1	10.8054617209736
'6168774'	3	1	6.6373595984919
'6168774'	4	1	10.8258754445384
'6168776'	1	1	69.4957565956014
'6168776'	2	1	45.3569217031631
'6168776'	3	1	29.2467779950986
'6168776'	4	1	46.1560607265557
'6168778'	1	1	5.45083424629287
'6168778'	2	1	4.46155692629287
'6168778'	3	1	3.10314321470497
'6168778'	4	1	4.0357178072306
'6168780'	1	1	33.7725376365223
'6168780'	2	1	18.0852577708183
'6168780'	3	1	10.3673624593691
'6168780'	4	1	20.1442768796764
'6168782'	1	1	129.201028905455
'6168782'	2	1	89.5886158929873
'6168782'	3	1	54.9314606697329
'6168782'	4	1	86.1848170965673
'6168784'	1	1	14.5813465072693
'6168784'	2	1	13.9008039822902
'6168784'	3	1	10.11686201726
'6168784'	4	1	11.5871534056947
'6168798'	1	1	178.863484335591
'6168798'	2	1	129.095041353861
'6168798'	3	1	100.327792069987
'6168798'	4	1	137.437994567495
'6168892'	1	1	205.171584942619
'6168892'	2	1	36.8819646018783
'6168892'	3	1	2.86242205206198
'6168892'	4	1	62.5953068960319
'6168910'	1	1	19.6517186469215
'6168910'	2	1	6.85706392451928
'6168910'	3	1	0.391407559642861
'6168910'	4	1	6.33621023677181
'6168912'	1	1	0.467201825816813
'6168912'	2	1	0.179479939875405
'6168912'	3	1	0.021599136634821
'6168912'	4	1	0.18696013221991
'6168914'	1	1	45.9224475311162
'6168914'	2	1	23.5091051952286
'6168914'	3	1	2.04020311546217
'6168914'	4	1	22.1079775759257
'6168916'	1	1	73.35114971662
'6168916'	2	1	39.8198463352361
'6168916'	3	1	5.46218511665859
'6168916'	4	1	37.0848437365674
'6168918'	1	1	12.4778266340423
'6168918'	2	1	10.2830011786705
'6168918'	3	1	6.39166202955001
'6168918'	4	1	8.27526544480726
'6168920'	1	1	43.8096518071267
'6168920'	2	1	13.9738368030142
'6168920'	3	1	5.18494194888724
'6168920'	4	1	19.8713659637867
'6168922'	1	1	3.33778679581993
'6168922'	2	1	3.23822621985102
'6168922'	3	1	2.31061725090231
'6168922'	4	1	2.63900864183116
'6168924'	1	1	2.32275672985041
'6168924'	2	1	0.913403429786443
'6168924'	3	1	0.462564271617104
'6168924'	4	1	1.1282236120362
'6168926'	1	1	1.77542883671838
'6168926'	2	1	1.729908371612
'6168926'	3	1	1.25154192120087
'6168926'	4	1	1.41088731649936
'6168960'	1	1	19.4888585364079
'6168960'	2	1	3.47782805837612
'6168960'	3	1	0.562632601162079
'6168960'	4	1	5.76997863826076
'6170116'	1	1	33.8251734852888
'6170116'	2	1	10.1963832627242
'6170116'	3	1	3.50178672439821
'6170116'	4	1	14.259863820978
'6170150'	1	1	41.8582084115563
'6170150'	2	1	13.6634126451696
'6170150'	3	1	5.03320122703032
'6170150'	4	1	18.0866280316966
'6170510'	1	1	651.523998323216
'6170510'	2	1	182.793610334849
'6170510'	3	1	62.2057735845979
'6170510'	4	1	295.644478419967
'6171766'	1	1	0
'6171766'	2	1	0
'6171766'	3	1	0
'6171766'	4	1	0
;

param area : 'urban' 'ag' :=
'6168730'	36.5027212575	0
'6168734'	23.404055865	0
'6168736'	70.09578114	0
'6168738'	11.841914073	0
'6168740'	101.7547501875	8.2434228
'6168742'	58.4007957	0
'6168744'	19.301668076	0
'6168746'	56.7105975	0
'6168748'	22.55228493	10.425112845
'6168750'	4.359821778	0
'6168752'	173.134513618	14.2469623275
'6168754'	112.220561226	0
'6168768'	87.1355241775	27.241003463
'6168770'	150.2843189	101.15737385
'6168772'	62.2305525425	0
'6168774'	104.13251805	0
'6168776'	56.7847042895	0
'6168778'	5.1637284745	0
'6168780'	33.450307324	0
'6168782'	191.75743368	0
'6168784'	25.83482775	0
'6168798'	396.247100748	14.462166072
'6168892'	22.503555824	0
'6168910'	7.075159781	0
'6168912'	2.19824608	0
'6168914'	21.852038781	0
'6168916'	21.0588070205	0.56685887
'6168918'	43.854959875	0
'6168920'	8.182338444	0
'6168922'	14.311679127	0
'6168924'	0.271370711	0
'6168926'	2.129600311	0
'6168960'	44.8113797775	0
'6170116'	52.306099138	0
'6170150'	149.40165984	0
'6170510'	284.83447403	0
'6171766'	0.148263	0
;

param urban_bmp_implementationpotential : 'Biofiltration_w_Underdrain'  'Bioretention_Basin'  'Enhanced_Biofiltration_w_ISR'  'Extended_Dry_Detention_Basin'  'Grass_Swale_w_detention'  'Gravel_Wetland'  'Infiltration_Basin'  'Infiltration_Chamber'  'Infiltration_Trench'  'Porous_Pavement_w_subsurface_infiltration'  'Porous_Pavement_w_underdrain'  'Sand_Filter_w_underdrain'  'Wet_Pond':=
'6168730'	1	1	1	1	1	1	0	0	0	0	0.1	1	1
'6168734'	1	1	1	1	1	1	0	0	0	0	0.1	1	1
'6168736'	1	1	1	1	1	1	0	0	0	0	0.1	1	1
'6168738'	1	1	1	1	1	1	0	0	0	0	0.1	1	1
'6168740'	1	1	1	1	1	1	0	0	0	0	0.1	1	1
'6168742'	1	1	1	1	1	1	0	0	0	0	0.1	1	1
'6168744'	1	1	1	1	1	1	0	0	0	0	0.1	1	1
'6168746'	1	1	1	1	1	1	0	0	0	0	0.1	1	1
'6168748'	1	1	1	1	1	1	0	0	0	0	0.1	1	1
'6168750'	1	1	1	1	1	1	0	0	0	0	0.1	1	1
'6168752'	1	1	1	1	1	1	0	0	0	0	0.1	1	1
'6168754'	1	1	1	1	1	1	0	0	0	0	0.1	1	1
'6168768'	1	1	1	1	1	1	0	0	0	0	0.1	1	1
'6168770'	1	1	1	1	1	1	0	0	0	0	0.1	1	1
'6168772'	1	1	1	1	1	1	0	0	0	0	0.1	1	1
'6168774'	1	1	1	1	1	1	0	0	0	0	0.1	1	1
'6168776'	1	1	1	1	1	1	0	0	0	0	0.1	1	1
'6168778'	1	1	1	1	1	1	0	0	0	0	0.1	1	1
'6168780'	1	1	1	1	1	1	0	0	0	0	0.1	1	1
'6168782'	1	1	1	1	1	1	0	0	0	0	0.1	1	1
'6168784'	1	1	1	1	1	1	0	0	0	0	0.1	1	1
'6168798'	1	1	1	1	1	1	0	0	0	0	0.1	1	1
'6168892'	1	1	1	1	1	1	0	0	0	0	0.1	1	1
'6168910'	1	1	1	1	1	1	0	0	0	0	0.1	1	1
'6168912'	1	1	1	1	1	1	0	0	0	0	0.1	1	1
'6168914'	1	1	1	1	1	1	0	0	0	0	0.1	1	1
'6168916'	1	1	1	1	1	1	0	0	0	0	0.1	1	1
'6168918'	1	1	1	1	1	1	0	0	0	0	0.1	1	1
'6168920'	1	1	1	1	1	1	0	0	0	0	0.1	1	1
'6168922'	1	1	1	1	1	1	0	0	0	0	0.1	1	1
'6168924'	1	1	1	1	1	1	0	0	0	0	0.1	1	1
'6168926'	1	1	1	1	1	1	0	0	0	0	0.1	1	1
'6168960'	1	1	1	1	1	1	0	0	0	0	0.1	1	1
'6170116'	1	1	1	1	1	1	0	0	0	0	0.1	1	1
'6170150'	1	1	1	1	1	1	0	0	0	0	0.1	1	1
'6170510'	1	1	1	1	1	1	0	0	0	0	0.1	1	1
'6171766'	1	1	1	1	1	1	0	0	0	0	0.1	1	1
;

param septic_bmp_implementationpotential: 'none' :=
'6168730'	0
'6168734'	0
'6168736'	0
'6168738'	0
'6168740'	0
'6168742'	0
'6168744'	0
'6168746'	0
'6168748'	0
'6168750'	0
'6168752'	0
'6168754'	0
'6168768'	0
'6168770'	0
'6168772'	0
'6168774'	0
'6168776'	0
'6168778'	0
'6168780'	0
'6168782'	0
'6168784'	0
'6168798'	0
'6168892'	0
'6168910'	0
'6168912'	0
'6168914'	0
'6168916'	0
'6168918'	0
'6168920'	0
'6168922'	0
'6168924'	0
'6168926'	0
'6168960'	0
'6170116'	0
'6170150'	0
'6170510'	0
'6171766'	0
;

param unbuffered_banklength : 'Grassed_Buffer'    'Forested_Buffer' :=
'6168730'	6409.624489	6409.624489
'6168734'	5424.442515	5424.442515
'6168736'	4178.188356	4178.188356
'6168738'	2694.5770557	2694.5770557
'6168740'	5272.800546	5272.800546
'6168742'	8331.731667	8331.731667
'6168744'	0	0
'6168746'	3293.963255	3293.963255
'6168748'	6766.7452	6766.7452
'6168750'	3050.45776795	3147.3329617
'6168752'	16080.4038237	16758.53018
'6168754'	17113.325891	17113.325891
'6168768'	6146.537295	6146.537295
'6168770'	17045.900756	17045.900756
'6168772'	8018.527706	8018.527706
'6168774'	6735.331806	6735.331806
'6168776'	4874.966417	4874.966417
'6168778'	900.1384672	900.1384672
'6168780'	4557.732449	4557.732449
'6168782'	10525.70938	10525.70938
'6168784'	5723.90311425	5820.778308
'6168798'	13155.3929735	13349.143361
'6168892'	4655.382642	4655.382642
'6168910'	1302.41593725	1399.291131
'6168912'	575.51615105	769.26653855
'6168914'	4461.683923	4849.184698
'6168916'	3866.94773325	3963.822927
'6168918'	576.7044869	867.3300682
'6168920'	0	0
'6168922'	846.4566929	846.4566929
'6168924'	559.29278525	559.29278525
'6168926'	715.2230971	715.2230971
'6168960'	1594.95319	1594.95319
'6170116'	262.4671916	262.4671916
'6170150'	2025.44072	2025.44072
'6170510'	31254.314179	31254.314179
'6171766'	308.3989501	308.3989501
;

param total_banklength :=
'6168730'	12900.26247
'6168734'	9396.325459
'6168736'	9409.448819
'6168738'	3372.703412
'6168740'	10019.68504
'6168742'	13562.99213
'6168744'	0
'6168746'	3293.963255
'6168748'	8510.498688
'6168750'	3825.459318
'6168752'	16758.53018
'6168754'	18372.70341
'6168768'	15059.05512
'6168770'	20242.78215
'6168772'	16640.41995
'6168774'	12257.21785
'6168776'	5262.467192
'6168778'	1384.514436
'6168780'	5623.35958
'6168782'	16725.72178
'6168784'	8727.034121
'6168798'	19258.53018
'6168892'	11824.14698
'6168910'	3143.044619
'6168912'	866.1417323
'6168914'	6496.062992
'6168916'	6870.07874
'6168918'	1351.706037
'6168920'	3412.073491
'6168922'	846.4566929
'6168924'	656.167979
'6168926'	715.2230971
'6168960'	2854.330709
'6170116'	262.4671916
'6170150'	11325.45932
'6170510'	35419.94751
'6171766'	308.3989501
;

param ag_effic_N : 'Conservation'  'Contour_Farming'  'Filterstrip'  'MIN_TILL'  'Ponds'  'Terrace_Waterway'  'Terrace_Only'  'Waterway_Only'  'Fert_20'  'Manure_Injection' :=	
'6168730'	0.237694743081479	0.0370772155889477	0.705703263356116	-0.128984786355412	0.199828586890599	0.388252448569088	0.137523678782906	0.301833785832124	0.2	0.12
'6168734'	0.237694743081479	0.0370772155889477	0.705703263356116	-0.128984786355412	0.199828586890599	0.388252448569088	0.137523678782906	0.301833785832124	0.2	0.12
'6168736'	0.237694743081479	0.0370772155889477	0.705703263356116	-0.128984786355412	0.199828586890599	0.388252448569088	0.137523678782906	0.301833785832124	0.2	0.12
'6168738'	0.237694743081479	0.0370772155889477	0.705703263356116	-0.128984786355412	0.199828586890599	0.388252448569088	0.137523678782906	0.301833785832124	0.2	0.12
'6168740'	0.237694743081479	0.0370772155889477	0.705703263356116	-0.128984786355412	0.199828586890599	0.388252448569088	0.137523678782906	0.301833785832124	0.2	0.12
'6168742'	0.237694743081479	0.0370772155889477	0.705703263356116	-0.128984786355412	0.199828586890599	0.388252448569088	0.137523678782906	0.301833785832124	0.2	0.12
'6168744'	0.237694743081479	0.0370772155889477	0.705703263356116	-0.128984786355412	0.199828586890599	0.388252448569088	0.137523678782906	0.301833785832124	0.2	0.12
'6168746'	0.237694743081479	0.0370772155889477	0.705703263356116	-0.128984786355412	0.199828586890599	0.388252448569088	0.137523678782906	0.301833785832124	0.2	0.12
'6168748'	0.237694743081479	0.0370772155889477	0.705703263356116	-0.128984786355412	0.199828586890599	0.388252448569088	0.137523678782906	0.301833785832124	0.2	0.12
'6168750'	0.237694743081479	0.0370772155889477	0.705703263356116	-0.128984786355412	0.199828586890599	0.388252448569088	0.137523678782906	0.301833785832124	0.2	0.12
'6168752'	0.237694743081479	0.0370772155889477	0.705703263356116	-0.128984786355412	0.199828586890599	0.388252448569088	0.137523678782906	0.301833785832124	0.2	0.12
'6168754'	0.237694743081479	0.0370772155889477	0.705703263356116	-0.128984786355412	0.199828586890599	0.388252448569088	0.137523678782906	0.301833785832124	0.2	0.12
'6168768'	0.237694743081479	0.0370772155889477	0.705703263356116	-0.128984786355412	0.199828586890599	0.388252448569088	0.137523678782906	0.301833785832124	0.2	0.12
'6168770'	0.237694743081479	0.0370772155889477	0.705703263356116	-0.128984786355412	0.199828586890599	0.388252448569088	0.137523678782906	0.301833785832124	0.2	0.12
'6168772'	0.237694743081479	0.0370772155889477	0.705703263356116	-0.128984786355412	0.199828586890599	0.388252448569088	0.137523678782906	0.301833785832124	0.2	0.12
'6168774'	0.237694743081479	0.0370772155889477	0.705703263356116	-0.128984786355412	0.199828586890599	0.388252448569088	0.137523678782906	0.301833785832124	0.2	0.12
'6168776'	0.237694743081479	0.0370772155889477	0.705703263356116	-0.128984786355412	0.199828586890599	0.388252448569088	0.137523678782906	0.301833785832124	0.2	0.12
'6168778'	0.237694743081479	0.0370772155889477	0.705703263356116	-0.128984786355412	0.199828586890599	0.388252448569088	0.137523678782906	0.301833785832124	0.2	0.12
'6168780'	0.237694743081479	0.0370772155889477	0.705703263356116	-0.128984786355412	0.199828586890599	0.388252448569088	0.137523678782906	0.301833785832124	0.2	0.12
'6168782'	0.237694743081479	0.0370772155889477	0.705703263356116	-0.128984786355412	0.199828586890599	0.388252448569088	0.137523678782906	0.301833785832124	0.2	0.12
'6168784'	0.237694743081479	0.0370772155889477	0.705703263356116	-0.128984786355412	0.199828586890599	0.388252448569088	0.137523678782906	0.301833785832124	0.2	0.12
'6168798'	0.237694743081479	0.0370772155889477	0.705703263356116	-0.128984786355412	0.199828586890599	0.388252448569088	0.137523678782906	0.301833785832124	0.2	0.12
'6168892'	0.237694743081479	0.0370772155889477	0.705703263356116	-0.128984786355412	0.199828586890599	0.388252448569088	0.137523678782906	0.301833785832124	0.2	0.12
'6168910'	0.237694743081479	0.0370772155889477	0.705703263356116	-0.128984786355412	0.199828586890599	0.388252448569088	0.137523678782906	0.301833785832124	0.2	0.12
'6168912'	0.237694743081479	0.0370772155889477	0.705703263356116	-0.128984786355412	0.199828586890599	0.388252448569088	0.137523678782906	0.301833785832124	0.2	0.12
'6168914'	0.237694743081479	0.0370772155889477	0.705703263356116	-0.128984786355412	0.199828586890599	0.388252448569088	0.137523678782906	0.301833785832124	0.2	0.12
'6168916'	0.237694743081479	0.0370772155889477	0.705703263356116	-0.128984786355412	0.199828586890599	0.388252448569088	0.137523678782906	0.301833785832124	0.2	0.12
'6168918'	0.237694743081479	0.0370772155889477	0.705703263356116	-0.128984786355412	0.199828586890599	0.388252448569088	0.137523678782906	0.301833785832124	0.2	0.12
'6168920'	0.237694743081479	0.0370772155889477	0.705703263356116	-0.128984786355412	0.199828586890599	0.388252448569088	0.137523678782906	0.301833785832124	0.2	0.12
'6168922'	0.237694743081479	0.0370772155889477	0.705703263356116	-0.128984786355412	0.199828586890599	0.388252448569088	0.137523678782906	0.301833785832124	0.2	0.12
'6168924'	0.237694743081479	0.0370772155889477	0.705703263356116	-0.128984786355412	0.199828586890599	0.388252448569088	0.137523678782906	0.301833785832124	0.2	0.12
'6168926'	0.237694743081479	0.0370772155889477	0.705703263356116	-0.128984786355412	0.199828586890599	0.388252448569088	0.137523678782906	0.301833785832124	0.2	0.12
'6168960'	0.237694743081479	0.0370772155889477	0.705703263356116	-0.128984786355412	0.199828586890599	0.388252448569088	0.137523678782906	0.301833785832124	0.2	0.12
'6170116'	0.237694743081479	0.0370772155889477	0.705703263356116	-0.128984786355412	0.199828586890599	0.388252448569088	0.137523678782906	0.301833785832124	0.2	0.12
'6170150'	0.237694743081479	0.0370772155889477	0.705703263356116	-0.128984786355412	0.199828586890599	0.388252448569088	0.137523678782906	0.301833785832124	0.2	0.12
'6170510'	0.237694743081479	0.0370772155889477	0.705703263356116	-0.128984786355412	0.199828586890599	0.388252448569088	0.137523678782906	0.301833785832124	0.2	0.12
'6171766'	-999	-999	-999	-999	-999	-999	-999	0.5369118683274	0.2	0.12
;

param septic_effic_N : 'none' :=	
'6168730'	0
'6168734'	0
'6168736'	0
'6168738'	0
'6168740'	0
'6168742'	0
'6168744'	0
'6168746'	0
'6168748'	0
'6168750'	0
'6168752'	0
'6168754'	0
'6168768'	0
'6168770'	0
'6168772'	0
'6168774'	0
'6168776'	0
'6168778'	0
'6168780'	0
'6168782'	0
'6168784'	0
'6168798'	0
'6168892'	0
'6168910'	0
'6168912'	0
'6168914'	0
'6168916'	0
'6168918'	0
'6168920'	0
'6168922'	0
'6168924'	0
'6168926'	0
'6168960'	0
'6170116'	0
'6170150'	0
'6170510'	0
'6171766'	0
;

param point_effic_N : 'point' :=	
'6168730'	0
'6168734'	0
'6168736'	0
'6168738'	0
'6168740'	0
'6168742'	0
'6168744'	0
'6168746'	0
'6168748'	0
'6168750'	0
'6168752'	0
'6168754'	0
'6168768'	0
'6168770'	0
'6168772'	0
'6168774'	0
'6168776'	0
'6168778'	0
'6168780'	0
'6168782'	0
'6168784'	0
'6168798'	0
'6168892'	0
'6168910'	0
'6168912'	0
'6168914'	0
'6168916'	0
'6168918'	0
'6168920'	0
'6168922'	0
'6168924'	0
'6168926'	0
'6168960'	0
'6170116'	0
'6170150'	0
'6170510'	0
'6171766'	0
;

param point_effic_P : 'point' :=	
'NA'	0
;

param urban_effic_N : 'Biofiltration_w_Underdrain' 'Bioretention_Basin' 'Enhanced_Biofiltration_w_ISR' 'Extended_Dry_Detention_Basin' 'Grass_Swale_w_detention' 'Gravel_Wetland' 'Infiltration_Basin' 'Infiltration_Chamber' 'Infiltration_Trench' 'Porous_Pavement_w_subsurface_infiltration' 'Porous_Pavement_w_underdrain' 'Sand_Filter_w_underdrain' 'Wet_Pond' :=
'6168730'	0.327741413702585	0.327741413702585	0.745185777746699	0.135325992656172	0.135325992656172	0.666267724445322	0.990035691177431	0.990104872694054	0.990104872694054	0.990104872694054	0.759269406392694	0.327741413702585	0.327741413702585
'6168734'	0.327741413702585	0.327741413702585	0.745185777746699	0.135325992656172	0.135325992656172	0.666267724445322	0.990035691177431	0.990104872694054	0.990104872694054	0.990104872694054	0.759269406392694	0.327741413702585	0.327741413702585
'6168736'	0.327741413702585	0.327741413702585	0.745185777746699	0.135325992656172	0.135325992656172	0.666267724445322	0.990035691177431	0.990104872694054	0.990104872694054	0.990104872694054	0.759269406392694	0.327741413702585	0.327741413702585
'6168738'	0.327741413702585	0.327741413702585	0.745185777746699	0.135325992656172	0.135325992656172	0.666267724445322	0.990035691177431	0.990104872694054	0.990104872694054	0.990104872694054	0.759269406392694	0.327741413702585	0.327741413702585
'6168740'	0.327741413702585	0.327741413702585	0.745185777746699	0.135325992656172	0.135325992656172	0.666267724445322	0.990035691177431	0.990104872694054	0.990104872694054	0.990104872694054	0.759269406392694	0.327741413702585	0.327741413702585
'6168742'	0.327741413702585	0.327741413702585	0.745185777746699	0.135325992656172	0.135325992656172	0.666267724445322	0.990035691177431	0.990104872694054	0.990104872694054	0.990104872694054	0.759269406392694	0.327741413702585	0.327741413702585
'6168744'	0.327741413702585	0.327741413702585	0.745185777746699	0.135325992656172	0.135325992656172	0.666267724445322	0.990035691177431	0.990104872694054	0.990104872694054	0.990104872694054	0.759269406392694	0.327741413702585	0.327741413702585
'6168746'	0.327741413702585	0.327741413702585	0.745185777746699	0.135325992656172	0.135325992656172	0.666267724445322	0.990035691177431	0.990104872694054	0.990104872694054	0.990104872694054	0.759269406392694	0.327741413702585	0.327741413702585
'6168748'	0.327741413702585	0.327741413702585	0.745185777746699	0.135325992656172	0.135325992656172	0.666267724445322	0.990035691177431	0.990104872694054	0.990104872694054	0.990104872694054	0.759269406392694	0.327741413702585	0.327741413702585
'6168750'	0.327741413702585	0.327741413702585	0.745185777746699	0.135325992656172	0.135325992656172	0.666267724445322	0.990035691177431	0.990104872694054	0.990104872694054	0.990104872694054	0.759269406392694	0.327741413702585	0.327741413702585
'6168752'	0.327741413702585	0.327741413702585	0.745185777746699	0.135325992656172	0.135325992656172	0.666267724445322	0.990035691177431	0.990104872694054	0.990104872694054	0.990104872694054	0.759269406392694	0.327741413702585	0.327741413702585
'6168754'	0.327741413702585	0.327741413702585	0.745185777746699	0.135325992656172	0.135325992656172	0.666267724445322	0.990035691177431	0.990104872694054	0.990104872694054	0.990104872694054	0.759269406392694	0.327741413702585	0.327741413702585
'6168768'	0.327741413702585	0.327741413702585	0.745185777746699	0.135325992656172	0.135325992656172	0.666267724445322	0.990035691177431	0.990104872694054	0.990104872694054	0.990104872694054	0.759269406392694	0.327741413702585	0.327741413702585
'6168770'	0.327741413702585	0.327741413702585	0.745185777746699	0.135325992656172	0.135325992656172	0.666267724445322	0.990035691177431	0.990104872694054	0.990104872694054	0.990104872694054	0.759269406392694	0.327741413702585	0.327741413702585
'6168772'	0.327741413702585	0.327741413702585	0.745185777746699	0.135325992656172	0.135325992656172	0.666267724445322	0.990035691177431	0.990104872694054	0.990104872694054	0.990104872694054	0.759269406392694	0.327741413702585	0.327741413702585
'6168774'	0.327741413702585	0.327741413702585	0.745185777746699	0.135325992656172	0.135325992656172	0.666267724445322	0.990035691177431	0.990104872694054	0.990104872694054	0.990104872694054	0.759269406392694	0.327741413702585	0.327741413702585
'6168776'	0.327741413702585	0.327741413702585	0.745185777746699	0.135325992656172	0.135325992656172	0.666267724445322	0.990035691177431	0.990104872694054	0.990104872694054	0.990104872694054	0.759269406392694	0.327741413702585	0.327741413702585
'6168778'	0.327741413702585	0.327741413702585	0.745185777746699	0.135325992656172	0.135325992656172	0.666267724445322	0.990035691177431	0.990104872694054	0.990104872694054	0.990104872694054	0.759269406392694	0.327741413702585	0.327741413702585
'6168780'	0.327741413702585	0.327741413702585	0.745185777746699	0.135325992656172	0.135325992656172	0.666267724445322	0.990035691177431	0.990104872694054	0.990104872694054	0.990104872694054	0.759269406392694	0.327741413702585	0.327741413702585
'6168782'	0.327741413702585	0.327741413702585	0.745185777746699	0.135325992656172	0.135325992656172	0.666267724445322	0.990035691177431	0.990104872694054	0.990104872694054	0.990104872694054	0.759269406392694	0.327741413702585	0.327741413702585
'6168784'	0.327741413702585	0.327741413702585	0.745185777746699	0.135325992656172	0.135325992656172	0.666267724445322	0.990035691177431	0.990104872694054	0.990104872694054	0.990104872694054	0.759269406392694	0.327741413702585	0.327741413702585
'6168798'	0.327741413702585	0.327741413702585	0.745185777746699	0.135325992656172	0.135325992656172	0.666267724445322	0.990035691177431	0.990104872694054	0.990104872694054	0.990104872694054	0.759269406392694	0.327741413702585	0.327741413702585
'6168892'	0.327741413702585	0.327741413702585	0.745185777746699	0.135325992656172	0.135325992656172	0.666267724445322	0.990035691177431	0.990104872694054	0.990104872694054	0.990104872694054	0.759269406392694	0.327741413702585	0.327741413702585
'6168910'	0.327741413702585	0.327741413702585	0.745185777746699	0.135325992656172	0.135325992656172	0.666267724445322	0.990035691177431	0.990104872694054	0.990104872694054	0.990104872694054	0.759269406392694	0.327741413702585	0.327741413702585
'6168912'	0.327741413702585	0.327741413702585	0.745185777746699	0.135325992656172	0.135325992656172	0.666267724445322	0.990035691177431	0.990104872694054	0.990104872694054	0.990104872694054	0.759269406392694	0.327741413702585	0.327741413702585
'6168914'	0.327741413702585	0.327741413702585	0.745185777746699	0.135325992656172	0.135325992656172	0.666267724445322	0.990035691177431	0.990104872694054	0.990104872694054	0.990104872694054	0.759269406392694	0.327741413702585	0.327741413702585
'6168916'	0.327741413702585	0.327741413702585	0.745185777746699	0.135325992656172	0.135325992656172	0.666267724445322	0.990035691177431	0.990104872694054	0.990104872694054	0.990104872694054	0.759269406392694	0.327741413702585	0.327741413702585
'6168918'	0.327741413702585	0.327741413702585	0.745185777746699	0.135325992656172	0.135325992656172	0.666267724445322	0.990035691177431	0.990104872694054	0.990104872694054	0.990104872694054	0.759269406392694	0.327741413702585	0.327741413702585
'6168920'	0.327741413702585	0.327741413702585	0.745185777746699	0.135325992656172	0.135325992656172	0.666267724445322	0.990035691177431	0.990104872694054	0.990104872694054	0.990104872694054	0.759269406392694	0.327741413702585	0.327741413702585
'6168922'	0.327741413702585	0.327741413702585	0.745185777746699	0.135325992656172	0.135325992656172	0.666267724445322	0.990035691177431	0.990104872694054	0.990104872694054	0.990104872694054	0.759269406392694	0.327741413702585	0.327741413702585
'6168924'	0.327741413702585	0.327741413702585	0.745185777746699	0.135325992656172	0.135325992656172	0.666267724445322	0.990035691177431	0.990104872694054	0.990104872694054	0.990104872694054	0.759269406392694	0.327741413702585	0.327741413702585
'6168926'	0.327741413702585	0.327741413702585	0.745185777746699	0.135325992656172	0.135325992656172	0.666267724445322	0.990035691177431	0.990104872694054	0.990104872694054	0.990104872694054	0.759269406392694	0.327741413702585	0.327741413702585
'6168960'	0.327741413702585	0.327741413702585	0.745185777746699	0.135325992656172	0.135325992656172	0.666267724445322	0.990035691177431	0.990104872694054	0.990104872694054	0.990104872694054	0.759269406392694	0.327741413702585	0.327741413702585
'6170116'	0.327741413702585	0.327741413702585	0.745185777746699	0.135325992656172	0.135325992656172	0.666267724445322	0.990035691177431	0.990104872694054	0.990104872694054	0.990104872694054	0.759269406392694	0.327741413702585	0.327741413702585
'6170150'	0.327741413702585	0.327741413702585	0.745185777746699	0.135325992656172	0.135325992656172	0.666267724445322	0.990035691177431	0.990104872694054	0.990104872694054	0.990104872694054	0.759269406392694	0.327741413702585	0.327741413702585
'6170510'	0.327741413702585	0.327741413702585	0.745185777746699	0.135325992656172	0.135325992656172	0.666267724445322	0.990035691177431	0.990104872694054	0.990104872694054	0.990104872694054	0.759269406392694	0.327741413702585	0.327741413702585
'6171766'	0.327741413702585	0.327741413702585	0.745185777746699	0.135325992656172	0.135325992656172	0.666267724445322	0.990035691177431	0.990104872694054	0.990104872694054	0.990104872694054	0.759269406392694	0.327741413702585	0.327741413702585
;

param urban_effic_P : 'Biofiltration_w_Underdrain' 'Bioretention_Basin' 'Enhanced_Biofiltration_w_ISR' 'Extended_Dry_Detention_Basin' 'Grass_Swale_w_detention' 'Gravel_Wetland' 'Infiltration_Basin' 'Infiltration_Chamber' 'Infiltration_Trench' 'Porous_Pavement_w_subsurface_infiltration' 'Porous_Pavement_w_underdrain' 'Sand_Filter_w_underdrain' 'Wet_Pond' :=;

param riparianremoval_N1 : 'Grassed_Buffer' 'Forested_Buffer':=
'6168730'	1	1	0.000393053824518478	0.000481170564627042
'6168730'	2	1	0.000102671053638917	0.000125688355559987
'6168730'	3	1	0.00000585925392687613	0.00000717281029828947
'6168730'	4	1	0.000101930767149243	0.00012478210800303
'6168734'	1	1	0.000281053017316811	0.000389357363234425
'6168734'	2	1	0.000106774169341279	0.000147919810408596
'6168734'	3	1	0.00000702254660997292	0.00000972869908088461
'6168734'	4	1	0.0000856253704027219	0.000118621279231435
'6168736'	1	1	0.000265651862153465	0.000368021341929929
'6168736'	2	1	0.0000927259764377089	0.000128458118093878
'6168736'	3	1	0.00000587417850475153	0.00000813780501491733
'6168736'	4	1	0.0000800124184182719	0.000110845364902206
'6168738'	1	1	0.000822007845686565	0.00113877022353315
'6168738'	2	1	0.000278785412462839	0.000386215932285812
'6168738'	3	1	0.0000168094204265491	0.000023286964421387
'6168738'	4	1	0.000308778058187495	0.000427766304408708
'6168740'	1	1	0.00147417851769201	0.0020422561766643
'6168740'	2	1	0.000372479897241925	0.0005160157753598
'6168740'	3	1	0.000103303804311497	0.000143112133229546
'6168740'	4	1	0.000597584427602316	0.000827864789577812
'6168742'	1	1	0.00159884976808069	0.0019572877750361
'6168742'	2	1	0.000633051601940883	0.000774972224521958
'6168742'	3	1	0.000267786518573409	0.000327820217750915
'6168742'	4	1	0.000752069109656319	0.000920671662653865
'6168744'	1	1	0	0
'6168744'	2	1	0	0
'6168744'	3	1	0	0
'6168744'	4	1	0	0
'6168746'	1	1	0.00016519333009822	0.000228850912347454
'6168746'	2	1	0.000133247289934591	0.000184594401306796
'6168746'	3	1	0.0000743724533334204	0.000103032027919964
'6168746'	4	1	0.000106686928749226	0.0001477989514788
'6168748'	1	1	0.00203984703514941	0.00282590619588351
'6168748'	2	1	0.00065826829177864	0.000911933302957035
'6168748'	3	1	0.000203862756434589	0.000282421679955135
'6168748'	4	1	0.000923562130241333	0.00127945865604633
'6168750'	1	1	0.00122619575085966	0.00169871275150126
'6168750'	2	1	0.000448649142228123	0.000621536992212465
'6168750'	3	1	0.00020892201644549	0.000289430535994355
'6168750'	4	1	0.000595219067528643	0.000824587933238828
'6168752'	1	1	0.00412075547472478	0.00570869689103563
'6168752'	2	1	0.0011281953562393	0.00156294770756187
'6168752'	3	1	0.000379573995630004	0.000525843598840501
'6168752'	4	1	0.00189751142536863	0.00262872127238512
'6168754'	1	1	0.00300709749606114	0.00368124340690719
'6168754'	2	1	0.00062086856222051	0.000760057931019516
'6168754'	3	1	0.000136092824513003	0.000166602783455506
'6168754'	4	1	0.00116116245325923	0.00142147756466417
'6168768'	1	1	0.00236294141325491	0.00327350564290606
'6168768'	2	1	0.000797979090184509	0.00110548193873406
'6168768'	3	1	0.000259615706908793	0.000359659142112341
'6168768'	4	1	0.00116226905790577	0.00161015177874798
'6168770'	1	1	0.0070306859049952	0.00973997486962624
'6168770'	2	1	0.00208580278131291	0.00288957108132939
'6168770'	3	1	0.000657523701373799	0.000910901783141001
'6168770'	4	1	0.00340342294937229	0.00471493883321445
'6168772'	1	1	0.000125811778152128	0.000174293600093
'6168772'	2	1	0.000076647504381691	0.000106183774468836
'6168772'	3	1	0.0000472379554194798	0.0000654411966194316
'6168772'	4	1	0.0000782812993650742	0.000108447155637517
'6168774'	1	1	0.000182200156100031	0.000252411352979862
'6168774'	2	1	0.000114541743451958	0.000158680634837151
'6168774'	3	1	0.0000703583761583439	0.0000974711180260652
'6168774'	4	1	0.000114758136193687	0.000158980414957453
'6168776'	1	1	0.00301454186499078	0.00369035669108794
'6168776'	2	1	0.00196746313788529	0.00240853870357049
'6168776'	3	1	0.00126864777076038	0.00155305946944403
'6168776'	4	1	0.00200212767223928	0.00245097450377693
'6168778'	1	1	0.000511537942707794	0.000708660118537556
'6168778'	2	1	0.000418698413532155	0.00058004468992963
'6168778'	3	1	0.000291216981521206	0.000403438031502688
'6168778'	4	1	0.000378735197435874	0.000524681568073956
'6168780'	1	1	0.000780333415125129	0.0010810364672739
'6168780'	2	1	0.000417870019469883	0.000578897072548098
'6168780'	3	1	0.00023954372161276	0.000331852376882226
'6168780'	4	1	0.000465444810275227	0.000644804904747307
'6168782'	1	1	0.0017633297605164	0.0021586417013771
'6168782'	2	1	0.00122270135111058	0.00149681255539206
'6168782'	3	1	0.000749702074419675	0.000917773973812641
'6168782'	4	1	0.00117624646009783	0.00143994317836545
'6168784'	1	1	0.000381402372337979	0.000466907032574444
'6168784'	2	1	0.000363601510574321	0.000445115486044754
'6168784'	3	1	0.000264625435797395	0.000323950467886425
'6168784'	4	1	0.00030308365522847	0.000371030440154526
'6168798'	1	1	0.00212007381313653	0.00259536239080649
'6168798'	2	1	0.00153016708579034	0.00187320747112802
'6168798'	3	1	0.00118918808658734	0.00145578612235099
'6168798'	4	1	0.00162905634034195	0.00199426620527578
'6168892'	1	1	0.00396095425957175	0.00484894047240196
'6168892'	2	1	0.000712027324992596	0.00087165311370851
'6168892'	3	1	0.0000552606874045346	0.0000676493001758551
'6168892'	4	1	0.00120843803759853	0.00147935162208488
'6168910'	1	1	0.000812385861445654	0.00112544038829818
'6168910'	2	1	0.00028346537437229	0.000392699326936749
'6168910'	3	1	0.000016180466107305	0.000022415641289283
'6168910'	4	1	0.000261933711955876	0.000362870395069923
'6168912'	1	1	0.000123131168414622	0.000150735319524835
'6168912'	2	1	0.0000473019870271439	0.0000579063791930152
'6168912'	3	1	0.00000569245834162336	0.00000696862165814154
'6168912'	4	1	0.0000492733937564194	0.0000603197455816952
'6168914'	1	1	0.000918516926892595	0.00127246927343233
'6168914'	2	1	0.000470216903036031	0.000651415933058603
'6168914'	3	1	0.000040807082300682	0.0000565321736004482
'6168914'	4	1	0.000442192276644016	0.000612591960479349
'6168916'	1	1	0.00138725907924447	0.00192184215766231
'6168916'	2	1	0.000753095807987855	0.00104330279340328
'6168916'	3	1	0.000103303982621581	0.00014311238025178
'6168916'	4	1	0.000701369867748084	0.000971644157979788
'6168918'	1	1	0.00119941384847652	0.00166161038912902
'6168918'	2	1	0.000988439283484599	0.00136933635087456
'6168918'	3	1	0.000614389683224847	0.00085114598427957
'6168918'	4	1	0.000795448459529172	0.00110197612446212
'6168920'	1	1	0.00166826020394802	0.00231112763136051
'6168920'	2	1	0.000532120089371277	0.000737173636844902
'6168920'	3	1	0.000197441247677348	0.000273525629873282
'6168920'	4	1	0.00075669647367706	0.00104829098286313
'6168922'	1	1	0.000900132168237552	0.00110192822614162
'6168922'	2	1	0.000873282736982653	0.00106905955729541
'6168922'	3	1	0.000623125754654699	0.000762821151958434
'6168922'	4	1	0.000711686130984763	0.000871235429149411
'6168924'	1	1	0.000808055382631921	0.000989209213743813
'6168924'	2	1	0.000317760593896084	0.00038899772713957
'6168924'	3	1	0.000160919800463773	0.000196995593017528
'6168924'	4	1	0.000392493605034994	0.000480484752383609
'6168926'	1	1	0.000566649059150728	0.00069368323300495
'6168926'	2	1	0.000552120665676894	0.000675897792806034
'6168926'	3	1	0.000399444369421751	0.000488993773326638
'6168926'	4	1	0.000450301332234624	0.000551252100266632
'6168960'	1	1	0.000887144732608837	0.00122900774093638
'6168960'	2	1	0.000158312855375484	0.00021931903284151
'6168960'	3	1	0.0000256113793212923	0.0000354807758925226
'6168960'	4	1	0.000262652948433892	0.0003638667907724
'6170116'	1	1	0.0294182911537688	0.0360134283953678
'6170116'	2	1	0.00886795663202422	0.010856018777954
'6170116'	3	1	0.00304555958778905	0.00372832811958268
'6170116'	4	1	0.0124020302772748	0.0151823784397688
'6170150'	1	1	0.000843679011249454	0.0010328191226843
'6170150'	2	1	0.000275394836717078	0.000337134206087083
'6170150'	3	1	0.000101447395762598	0.000124190372040859
'6170150'	4	1	0.000364547577014921	0.000446273646314421
'6170510'	1	1	0.00238998331482666	0.00331096819567757
'6170510'	2	1	0.00067054119246807	0.000928935590629642
'6170510'	3	1	0.000228189232224289	0.000316122412153953
'6170510'	4	1	0.00108451165630559	0.00150243040593354
'6171766'	1	1	0	0
'6171766'	2	1	0	0
'6171766'	3	1	0	0
'6171766'	4	1	0	0
;

param riparianremoval_P1 : 'Grassed_Buffer' 'Forested_Buffer' :=
;

param runoff_coeff_urban : 'urban' :=
'6168730'	0.06728
'6168734'	0.0698
'6168736'	0.10184
'6168738'	0.06503
'6168740'	0.07484
'6168742'	0.08564
'6168744'	0.11273
'6168746'	0.2597
'6168748'	0.05621
'6168750'	0.06467
'6168752'	0.09221
'6168754'	0.08654
'6168768'	0.08555
'6168770'	0.08078
'6168772'	0.07583
'6168774'	0.13127
'6168776'	0.17465
'6168778'	0.14549
'6168780'	0.13469
'6168782'	0.13946
'6168784'	0.11651
'6168798'	0.23702
'6168892'	0.05522
'6168910'	0.0572
'6168912'	0.08852
'6168914'	0.06143
'6168916'	0.05864
'6168918'	0.18419
'6168920'	0.05792
'6168922'	0.19967
'6168924'	0.06251
'6168926'	0.13613
'6168960'	0.07421
'6170116'	0.10985
'6170150'	0.12596
'6170510'	0.07763
'6171766'	0.2246
;

param ag_costs_capital : 'Conservation'  'Contour_Farming'  'Filterstrip'  'MIN_TILL'  'Ponds'  'Terrace_Waterway'  'Terrace_Only'  'Waterway_Only'  'Fert_20'  'Manure_Injection' :=	
'6168730'	1.7456955	0.7203926	32.0503502	1.4131422	0.5964181	12844.0303022	11895.3235185	948.7067837	1.4525125	3.0298372
'6168734'	1.7456955	0.7203926	32.0503502	1.4131422	0.5964181	12844.0303022	11895.3235185	948.7067837	1.4525125	3.0298372
'6168736'	1.7456955	0.7203926	32.0503502	1.4131422	0.5964181	12844.0303022	11895.3235185	948.7067837	1.4525125	3.0298372
'6168738'	1.7456955	0.7203926	32.0503502	1.4131422	0.5964181	12844.0303022	11895.3235185	948.7067837	1.4525125	3.0298372
'6168740'	1.7456955	0.7203926	32.0503502	1.4131422	0.5964181	12844.0303022	11895.3235185	948.7067837	1.4525125	3.0298372
'6168742'	1.7456955	0.7203926	32.0503502	1.4131422	0.5964181	12844.0303022	11895.3235185	948.7067837	1.4525125	3.0298372
'6168744'	1.7456955	0.7203926	32.0503502	1.4131422	0.5964181	12844.0303022	11895.3235185	948.7067837	1.4525125	3.0298372
'6168746'	1.7456955	0.7203926	32.0503502	1.4131422	0.5964181	12844.0303022	11895.3235185	948.7067837	1.4525125	3.0298372
'6168748'	1.7456955	0.7203926	32.0503502	1.4131422	0.5964181	12844.0303022	11895.3235185	948.7067837	1.4525125	3.0298372
'6168750'	1.7456955	0.7203926	32.0503502	1.4131422	0.5964181	12844.0303022	11895.3235185	948.7067837	1.4525125	3.0298372
'6168752'	1.7456955	0.7203926	32.0503502	1.4131422	0.5964181	12844.0303022	11895.3235185	948.7067837	1.4525125	3.0298372
'6168754'	1.7456955	0.7203926	32.0503502	1.4131422	0.5964181	12844.0303022	11895.3235185	948.7067837	1.4525125	3.0298372
'6168768'	1.7456955	0.7203926	32.0503502	1.4131422	0.5964181	12844.0303022	11895.3235185	948.7067837	1.4525125	3.0298372
'6168770'	1.7456955	0.7203926	32.0503502	1.4131422	0.5964181	12844.0303022	11895.3235185	948.7067837	1.4525125	3.0298372
'6168772'	1.7456955	0.7203926	32.0503502	1.4131422	0.5964181	12844.0303022	11895.3235185	948.7067837	1.4525125	3.0298372
'6168774'	1.7456955	0.7203926	32.0503502	1.4131422	0.5964181	12844.0303022	11895.3235185	948.7067837	1.4525125	3.0298372
'6168776'	1.7456955	0.7203926	32.0503502	1.4131422	0.5964181	12844.0303022	11895.3235185	948.7067837	1.4525125	3.0298372
'6168778'	1.7456955	0.7203926	32.0503502	1.4131422	0.5964181	12844.0303022	11895.3235185	948.7067837	1.4525125	3.0298372
'6168780'	1.7456955	0.7203926	32.0503502	1.4131422	0.5964181	12844.0303022	11895.3235185	948.7067837	1.4525125	3.0298372
'6168782'	1.7456955	0.7203926	32.0503502	1.4131422	0.5964181	12844.0303022	11895.3235185	948.7067837	1.4525125	3.0298372
'6168784'	1.7456955	0.7203926	32.0503502	1.4131422	0.5964181	12844.0303022	11895.3235185	948.7067837	1.4525125	3.0298372
'6168798'	1.7456955	0.7203926	32.0503502	1.4131422	0.5964181	12844.0303022	11895.3235185	948.7067837	1.4525125	3.0298372
'6168892'	1.7456955	0.7203926	32.0503502	1.4131422	0.5964181	12844.0303022	11895.3235185	948.7067837	1.4525125	3.0298372
'6168910'	1.7456955	0.7203926	32.0503502	1.4131422	0.5964181	12844.0303022	11895.3235185	948.7067837	1.4525125	3.0298372
'6168912'	1.7456955	0.7203926	32.0503502	1.4131422	0.5964181	12844.0303022	11895.3235185	948.7067837	1.4525125	3.0298372
'6168914'	1.7456955	0.7203926	32.0503502	1.4131422	0.5964181	12844.0303022	11895.3235185	948.7067837	1.4525125	3.0298372
'6168916'	1.7456955	0.7203926	32.0503502	1.4131422	0.5964181	12844.0303022	11895.3235185	948.7067837	1.4525125	3.0298372
'6168918'	1.7456955	0.7203926	32.0503502	1.4131422	0.5964181	12844.0303022	11895.3235185	948.7067837	1.4525125	3.0298372
'6168920'	1.7456955	0.7203926	32.0503502	1.4131422	0.5964181	12844.0303022	11895.3235185	948.7067837	1.4525125	3.0298372
'6168922'	1.7456955	0.7203926	32.0503502	1.4131422	0.5964181	12844.0303022	11895.3235185	948.7067837	1.4525125	3.0298372
'6168924'	1.7456955	0.7203926	32.0503502	1.4131422	0.5964181	12844.0303022	11895.3235185	948.7067837	1.4525125	3.0298372
'6168926'	1.7456955	0.7203926	32.0503502	1.4131422	0.5964181	12844.0303022	11895.3235185	948.7067837	1.4525125	3.0298372
'6168960'	1.7456955	0.7203926	32.0503502	1.4131422	0.5964181	12844.0303022	11895.3235185	948.7067837	1.4525125	3.0298372
'6170116'	1.7456955	0.7203926	32.0503502	1.4131422	0.5964181	12844.0303022	11895.3235185	948.7067837	1.4525125	3.0298372
'6170150'	1.7456955	0.7203926	32.0503502	1.4131422	0.5964181	12844.0303022	11895.3235185	948.7067837	1.4525125	3.0298372
'6170510'	1.7456955	0.7203926	32.0503502	1.4131422	0.5964181	12844.0303022	11895.3235185	948.7067837	1.4525125	3.0298372
'6171766'	1.7456955	0.7203926	32.0503502	1.4131422	0.5964181	12844.0303022	11895.3235185	948.7067837	1.4525125	3.0298372
;

param ag_costs_operations : 'Conservation'  'Contour_Farming'  'Filterstrip'  'MIN_TILL'  'Ponds'  'Terrace_Waterway'  'Terrace_Only'  'Waterway_Only'  'Fert_20'  'Manure_Injection' :=	
'6168730'	0	0	7.42	0	0	0	0	0	0	0
'6168734'	0	0	7.42	0	0	0	0	0	0	0
'6168736'	0	0	7.42	0	0	0	0	0	0	0
'6168738'	0	0	7.42	0	0	0	0	0	0	0
'6168740'	0	0	7.42	0	0	0	0	0	0	0
'6168742'	0	0	7.42	0	0	0	0	0	0	0
'6168744'	0	0	7.42	0	0	0	0	0	0	0
'6168746'	0	0	7.42	0	0	0	0	0	0	0
'6168748'	0	0	7.42	0	0	0	0	0	0	0
'6168750'	0	0	7.42	0	0	0	0	0	0	0
'6168752'	0	0	7.42	0	0	0	0	0	0	0
'6168754'	0	0	7.42	0	0	0	0	0	0	0
'6168768'	0	0	7.42	0	0	0	0	0	0	0
'6168770'	0	0	7.42	0	0	0	0	0	0	0
'6168772'	0	0	7.42	0	0	0	0	0	0	0
'6168774'	0	0	7.42	0	0	0	0	0	0	0
'6168776'	0	0	7.42	0	0	0	0	0	0	0
'6168778'	0	0	7.42	0	0	0	0	0	0	0
'6168780'	0	0	7.42	0	0	0	0	0	0	0
'6168782'	0	0	7.42	0	0	0	0	0	0	0
'6168784'	0	0	7.42	0	0	0	0	0	0	0
'6168798'	0	0	7.42	0	0	0	0	0	0	0
'6168892'	0	0	7.42	0	0	0	0	0	0	0
'6168910'	0	0	7.42	0	0	0	0	0	0	0
'6168912'	0	0	7.42	0	0	0	0	0	0	0
'6168914'	0	0	7.42	0	0	0	0	0	0	0
'6168916'	0	0	7.42	0	0	0	0	0	0	0
'6168918'	0	0	7.42	0	0	0	0	0	0	0
'6168920'	0	0	7.42	0	0	0	0	0	0	0
'6168922'	0	0	7.42	0	0	0	0	0	0	0
'6168924'	0	0	7.42	0	0	0	0	0	0	0
'6168926'	0	0	7.42	0	0	0	0	0	0	0
'6168960'	0	0	7.42	0	0	0	0	0	0	0
'6170116'	0	0	7.42	0	0	0	0	0	0	0
'6170150'	0	0	7.42	0	0	0	0	0	0	0
'6170510'	0	0	7.42	0	0	0	0	0	0	0
'6171766'	0	0	7.42	0	0	0	0	0	0	0
;

param septic_costs_capital : 'none' :=	
'6168730'	0
'6168734'	0
'6168736'	0
'6168738'	0
'6168740'	0
'6168742'	0
'6168744'	0
'6168746'	0
'6168748'	0
'6168750'	0
'6168752'	0
'6168754'	0
'6168768'	0
'6168770'	0
'6168772'	0
'6168774'	0
'6168776'	0
'6168778'	0
'6168780'	0
'6168782'	0
'6168784'	0
'6168798'	0
'6168892'	0
'6168910'	0
'6168912'	0
'6168914'	0
'6168916'	0
'6168918'	0
'6168920'	0
'6168922'	0
'6168924'	0
'6168926'	0
'6168960'	0
'6170116'	0
'6170150'	0
'6170510'	0
'6171766'	0
;

param septic_costs_operations : 'none' :=	
'6168730'	0
'6168734'	0
'6168736'	0
'6168738'	0
'6168740'	0
'6168742'	0
'6168744'	0
'6168746'	0
'6168748'	0
'6168750'	0
'6168752'	0
'6168754'	0
'6168768'	0
'6168770'	0
'6168772'	0
'6168774'	0
'6168776'	0
'6168778'	0
'6168780'	0
'6168782'	0
'6168784'	0
'6168798'	0
'6168892'	0
'6168910'	0
'6168912'	0
'6168914'	0
'6168916'	0
'6168918'	0
'6168920'	0
'6168922'	0
'6168924'	0
'6168926'	0
'6168960'	0
'6170116'	0
'6170150'	0
'6170510'	0
'6171766'	0
;

param point_costs : 'capital' 'operations' :=	
'6168730'	0	0
'6168734'	0	0
'6168736'	0	0
'6168738'	0	0
'6168740'	0	0
'6168742'	0	0
'6168744'	0	0
'6168746'	0	0
'6168748'	0	0
'6168750'	0	0
'6168752'	0	0
'6168754'	0	0
'6168768'	0	0
'6168770'	0	0
'6168772'	0	0
'6168774'	0	0
'6168776'	0	0
'6168778'	0	0
'6168780'	0	0
'6168782'	0	0
'6168784'	0	0
'6168798'	0	0
'6168892'	0	0
'6168910'	0	0
'6168912'	0	0
'6168914'	0	0
'6168916'	0	0
'6168918'	0	0
'6168920'	0	0
'6168922'	0	0
'6168924'	0	0
'6168926'	0	0
'6168960'	0	0
'6170116'	0	0
'6170150'	0	0
'6170510'	0	0
'6171766'	0	0
;

param urban_costs : 'capital' 'operations' :=	
'Biofiltration_w_Underdrain'	1.39303823308785	0.83
'Bioretention_Basin'	1.37963558021388	0.82
'Enhanced_Biofiltration_w_ISR'	1.39303823308785	0.83
'Extended_Dry_Detention_Basin'	0.606470042546965	0.36
'Grass_Swale_w_detention'	0.713691265538694	0.43
'Gravel_Wetland'	0.783217527322393	0.47
'Infiltration_Basin'	0.557047760074215	0.33
'Infiltration_Chamber'	6.05381077000955	3.61
'Infiltration_Trench'	1.11409552014843	0.67
'Porous_Pavement_w_subsurface_infiltration'	0.474956511221173	0.28
'Porous_Pavement_w_underdrain'	1.61250667389904	0.96
'Sand_Filter_w_underdrain'	1.60077935263432	0.96
'Wet_Pond'	0.606470042546965	0.36
;

param ripbuf_costs_capital : 'Grassed_Buffer'  'Forested_Buffer' :=	
'6168730'	7425.321	20947.257
'6168734'	7425.321	20947.257
'6168736'	7425.321	20947.257
'6168738'	7425.321	20947.257
'6168740'	7425.321	20947.257
'6168742'	7425.321	20947.257
'6168744'	7425.321	20947.257
'6168746'	7425.321	20947.257
'6168748'	7425.321	20947.257
'6168750'	7425.321	20947.257
'6168752'	7425.321	20947.257
'6168754'	7425.321	20947.257
'6168768'	7425.321	20947.257
'6168770'	7425.321	20947.257
'6168772'	7425.321	20947.257
'6168774'	7425.321	20947.257
'6168776'	7425.321	20947.257
'6168778'	7425.321	20947.257
'6168780'	7425.321	20947.257
'6168782'	7425.321	20947.257
'6168784'	7425.321	20947.257
'6168798'	7425.321	20947.257
'6168892'	7425.321	20947.257
'6168910'	7425.321	20947.257
'6168912'	7425.321	20947.257
'6168914'	7425.321	20947.257
'6168916'	7425.321	20947.257
'6168918'	7425.321	20947.257
'6168920'	7425.321	20947.257
'6168922'	7425.321	20947.257
'6168924'	7425.321	20947.257
'6168926'	7425.321	20947.257
'6168960'	7425.321	20947.257
'6170116'	7425.321	20947.257
'6170150'	7425.321	20947.257
'6170510'	7425.321	20947.257
'6171766'	7425.321	20947.257
;

param ripbuf_costs_operations : 'Grassed_Buffer'  'Forested_Buffer' :=	
'6168730'	4.206554	4.206554
'6168734'	4.206554	4.206554
'6168736'	4.206554	4.206554
'6168738'	4.206554	4.206554
'6168740'	4.206554	4.206554
'6168742'	4.206554	4.206554
'6168744'	4.206554	4.206554
'6168746'	4.206554	4.206554
'6168748'	4.206554	4.206554
'6168750'	4.206554	4.206554
'6168752'	4.206554	4.206554
'6168754'	4.206554	4.206554
'6168768'	4.206554	4.206554
'6168770'	4.206554	4.206554
'6168772'	4.206554	4.206554
'6168774'	4.206554	4.206554
'6168776'	4.206554	4.206554
'6168778'	4.206554	4.206554
'6168780'	4.206554	4.206554
'6168782'	4.206554	4.206554
'6168784'	4.206554	4.206554
'6168798'	4.206554	4.206554
'6168892'	4.206554	4.206554
'6168910'	4.206554	4.206554
'6168912'	4.206554	4.206554
'6168914'	4.206554	4.206554
'6168916'	4.206554	4.206554
'6168918'	4.206554	4.206554
'6168920'	4.206554	4.206554
'6168922'	4.206554	4.206554
'6168924'	4.206554	4.206554
'6168926'	4.206554	4.206554
'6168960'	4.206554	4.206554
'6170116'	4.206554	4.206554
'6170150'	4.206554	4.206554
'6170510'	4.206554	4.206554
'6171766'	4.206554	4.206554
;

param loads_lim_N1 : 'limits' :=  
1	1	3459.59001138457
2	1	866.874082643254
3	1	230.01673076306
4	1	1526.34625543102
;

param loads_lim_P1 : 'limits' :=  
;


param agcost_frac := 1.333333;
param acfttoft3 := 43559.9;
param pcp := 0.0833;
param agBMP_minarea := 0;

param: urban_frac_min urban_frac_max :=	
Biofiltration_w_Underdrain	0	1
Bioretention_Basin	0	1
Enhanced_Biofiltration_w_ISR	0	1
Extended_Dry_Detention_Basin	0	1
Grass_Swale_w_detention	0	1
Gravel_Wetland	0	1
Infiltration_Basin	0	1
Infiltration_Chamber	0	1
Infiltration_Trench	0	1
Porous_Pavement_w_subsurface_infiltration	0	1
Porous_Pavement_w_underdrain	0	1
Sand_Filter_w_underdrain	0	1
Wet_Pond	0	1
;

param: ag_frac_min ag_frac_max :=	
Conservation	0	1
Contour_Farming	0	1
Filterstrip	0	1
MIN_TILL	0	1
Ponds	0	0.1
Terrace_Waterway	0	1
Terrace_Only	0	1
Waterway_Only	0	1
Fert_20	0	1
Manure_Injection	0	1
;

param: ripbuf_frac_min ripbuf_frac_max :=	
Grassed_Buffer	0	1
Forested_Buffer	0	1
;

param urban_design_depth : 'Biofiltration_w_Underdrain' 'Bioretention_Basin' 'Enhanced_Biofiltration_w_ISR' 'Extended_Dry_Detention_Basin' 'Grass_Swale_w_detention' 'Gravel_Wetland' 'Infiltration_Basin' 'Infiltration_Chamber' 'Infiltration_Trench' 'Porous_Pavement_w_subsurface_infiltration' 'Porous_Pavement_w_underdrain' 'Sand_Filter_w_underdrain' 'Wet_Pond'  := 
'6168730'	1	1	1	1	1	1	1	1	1	1	8.6	1	1
'6168734'	1	1	1	1	1	1	1	1	1	1	8.6	1	1
'6168736'	1	1	1	1	1	1	1	1	1	1	8.6	1	1
'6168738'	1	1	1	1	1	1	1	1	1	1	8.6	1	1
'6168740'	1	1	1	1	1	1	1	1	1	1	8.6	1	1
'6168742'	1	1	1	1	1	1	1	1	1	1	8.6	1	1
'6168744'	1	1	1	1	1	1	1	1	1	1	8.6	1	1
'6168746'	1	1	1	1	1	1	1	1	1	1	8.6	1	1
'6168748'	1	1	1	1	1	1	1	1	1	1	8.6	1	1
'6168750'	1	1	1	1	1	1	1	1	1	1	8.6	1	1
'6168752'	1	1	1	1	1	1	1	1	1	1	8.6	1	1
'6168754'	1	1	1	1	1	1	1	1	1	1	8.6	1	1
'6168768'	1	1	1	1	1	1	1	1	1	1	8.6	1	1
'6168770'	1	1	1	1	1	1	1	1	1	1	8.6	1	1
'6168772'	1	1	1	1	1	1	1	1	1	1	8.6	1	1
'6168774'	1	1	1	1	1	1	1	1	1	1	8.6	1	1
'6168776'	1	1	1	1	1	1	1	1	1	1	8.6	1	1
'6168778'	1	1	1	1	1	1	1	1	1	1	8.6	1	1
'6168780'	1	1	1	1	1	1	1	1	1	1	8.6	1	1
'6168782'	1	1	1	1	1	1	1	1	1	1	8.6	1	1
'6168784'	1	1	1	1	1	1	1	1	1	1	8.6	1	1
'6168798'	1	1	1	1	1	1	1	1	1	1	8.6	1	1
'6168892'	1	1	1	1	1	1	1	1	1	1	8.6	1	1
'6168910'	1	1	1	1	1	1	1	1	1	1	8.6	1	1
'6168912'	1	1	1	1	1	1	1	1	1	1	8.6	1	1
'6168914'	1	1	1	1	1	1	1	1	1	1	8.6	1	1
'6168916'	1	1	1	1	1	1	1	1	1	1	8.6	1	1
'6168918'	1	1	1	1	1	1	1	1	1	1	8.6	1	1
'6168920'	1	1	1	1	1	1	1	1	1	1	8.6	1	1
'6168922'	1	1	1	1	1	1	1	1	1	1	8.6	1	1
'6168924'	1	1	1	1	1	1	1	1	1	1	8.6	1	1
'6168926'	1	1	1	1	1	1	1	1	1	1	8.6	1	1
'6168960'	1	1	1	1	1	1	1	1	1	1	8.6	1	1
'6170116'	1	1	1	1	1	1	1	1	1	1	8.6	1	1
'6170150'	1	1	1	1	1	1	1	1	1	1	8.6	1	1
'6170510'	1	1	1	1	1	1	1	1	1	1	8.6	1	1
'6171766'	1	1	1	1	1	1	1	1	1	1	8.6	1	1
;

param: urban_cost_adjustment_coef :=	
'6168730'	1.23660130718954
'6168734'	1.26417704011065
'6168736'	1.3099891422367
'6168738'	1.07890222984563
'6168740'	1.17721518987342
'6168742'	1.19807692307692
'6168744'	1.35159362549801
'6168746'	1.5766
'6168748'	1.0251572327044
'6168750'	1.05268199233716
'6168752'	1.35736677115987
'6168754'	1.27077151335312
'6168768'	1.17952218430034
'6168770'	1.16306027820711
'6168772'	1.08624376336422
'6168774'	1.32498042286609
'6168776'	1.49798324542352
'6168778'	1.6665055582407
'6168780'	1.55566127497621
'6168782'	1.38161764705882
'6168784'	1.336
'6168798'	1.47242157063769
'6168892'	1.07068062827225
'6168910'	1.1673640167364
'6168912'	1.5
'6168914'	1.0806697108067
'6168916'	1.0349932705249
'6168918'	1.42838709677419
'6168920'	1
'6168922'	1.60017196904557
'6168924'	1
'6168926'	1.62131303520457
'6168960'	1.1203007518797
'6170116'	1.16835147744946
'6170150'	1.44414893617021
'6170510'	1.15295926210607
'6171766'	1.66666666666667
;
