"","COMID","HUC_12","IncAreaKm2","ag_km2","PctCrop2019Cat","StateAbbrev","Cover_crops_FracImplement","Cover_crops_areaac","Fert_20_FracImplement","Fert_20_areaac","Filterstrip_FracImplement","Filterstrip_areaac","Terrace_Waterway_FracImplement","Terrace_Waterway_areaac"
"1",6105377,"010802070301",3.245032,0,0,"MA",0,0,0,0,1,0,0,0
"2",6105379,"010802070302",7.294964,0.007294964,0.1,"MA",0,0,0,0,1,1.80262207922,0,0
"3",6105381,"010802070301",4.094116,0,0,"MA",0,0,0,0,1,0,0,0
"4",6105387,"010802070301",0.394573,0,0,"MA",0,0,0,0,1,0,0,0
"5",6105389,"010802070301",1.729635,0,0,"MA",0,0,0,0,1,0,0,0
"6",6105391,"010802070301",2.447376,0,0,"MA",0,0,0,0,1,0,0,0
"7",6105397,"010802070302",1.97713,0,0,"MA",0,0,0,0,1,0,0,0
"8",6105401,"010802070301",3.939315,0,0,"CT",0,0,0,0,1,0,0,0
"9",6105403,"010802070301",4.419815,0,0,"MA",0,0,0,0,1,0,0,0
"10",6105407,"010802070302",5.980382,0.0017941146,0.03,"CT",0,0,0,0,1,0.443334688233,0,0
"11",6105409,"010802070502",5.891473,0,0,"CT",1,0,0,0,0,0,0,0
"12",6105411,"010802070502",4.885991,0.0063517883,0.13,"CT",1,1.5695586478715,0,0,0,0,0,0
"13",6105419,"010802070302",3.377508,0,0,"CT",0,0,0,0,1,0,0,0
"14",6105421,"010802070502",2.607626,0,0,"CT",1,0,0,0,0,0,0,0
"15",6105423,"010802070502",2.553372,0.0188949528,0.74,"CT",1,4.669037311644,0,0,0,0,0,0
"16",6105435,"010802070502",0.441012,0,0,"CT",1,0,0,0,0,0,0,0
"17",6105437,"010802070502",1.863328,0,0,"CT",1,0,0,0,0,0,0,0
"18",6105439,"010802070302",2.537046,0,0,"CT",0,0,0,0,1,0,0,0
"19",6105441,"010802070502",0.24433,0,0,"CT",1,0,0,0,0,0,0,0
"20",6105443,"010802070502",4.451771,0.0262654489,0.59,"CT",1,6.4903237504345,0,0,0,0,0,0
"21",6105445,"010802070502",6.882346,0.0116999882,0.17,"CT",1,2.891125584161,0,0,0,0,0,0
"22",6105447,"010802070502",3.563762,0,0,"CT",1,0,0,0,0,0,0,0
"23",6105451,"010802070302",1.898057,0,0,"CT",0,0,0,0,1,0,0,0
"24",6105945,"010802070302",1.636196,0,0,"MA",0,0,0,0,1,0,0,0
"25",6105947,"010802070301",1.949368,0,0,"MA",0,0,0,0,1,0,0,0
"26",6105949,"010802070301",1.874489,0,0,"MA",0,0,0,0,1,0,0,0
"27",6105953,"010802070302",1.760482,0,0,"CT",0,0,0,0,1,0,0,0
"28",6105967,"010802070502",9.784937,0.0949138889,0.97,"CT",1,23.4536965166345,0,0,0,0,0,0
"29",6105999,"010802070301",0.494027,0,0,"MA",0,0,0,0,1,0,0,0
"30",6106003,"010802070302",0.819622,0,0,"CT",0,0,0,0,1,0,0,0
"31",6106949,"010802070202",4.965678,0,0,"MA",0,0,0,0,1,0,0,0
"32",6106951,"010802070202",9.406246,0,0,"MA",0,0,0,0,1,0,0,0
"33",6106955,"010802070202",1.107843,0,0,"MA",0,0,0,0,1,0,0,0
"34",6106957,"010802070202",0.034212,0,0,"MA",0,0,0,0,1,0,0,0
"35",6106959,"010802070202",4.176264,0,0,"MA",0,0,0,0,1,0,0,0
"36",6106973,"010802070202",8.730264,0,0,"MA",0,0,0,0,1,0,0,0
"37",6106977,"010802070202",0.81805,0,0,"MA",0,0,0,0,1,0,0,0
"38",6106979,"010802070202",11.168807,0,0,"MA",0,0,0,0,1,0,0,0
"39",6106981,"010802070203",4.510789,0,0,"MA",0,0,0,0,1,0,0,0
"40",6106983,"010802070202",8.188192,0,0,"MA",0,0,0,0,1,0,0,0
"41",6106987,"010802070202",1.685906,0,0,"MA",0,0,0,0,1,0,0,0
"42",6106989,"010802070202",1.80112,0,0,"MA",0,0,0,0,1,0,0,0
"43",6106991,"010802070201",5.111115,0,0,"MA",0,0,0,0,1,0,0,0
"44",6106995,"010802070202",0.878616,0,0,"MA",0,0,0,0,1,0,0,0
"45",6106997,"010802070202",2.023268,0,0,"MA",0,0,0,0,1,0,0,0
"46",6106999,"010802070203",3.298,0,0,"MA",0,0,0,0,1,0,0,0
"47",6107003,"010802070203",0.40576,0,0,"MA",0,0,0,0,1,0,0,0
"48",6107007,"010802070202",1.084369,0,0,"MA",0,0,0,0,1,0,0,0
"49",6107009,"010802070202",0.853225,0,0,"MA",0,0,0,0,1,0,0,0
"50",6107011,"010802070203",0.286179,0,0,"MA",0,0,0,0,1,0,0,0
"51",6107013,"010802070203",4.688257,0,0,"MA",0,0,0,0,1,0,0,0
"52",6107015,"010802070203",3.856329,0,0,"MA",0,0,0,0,1,0,0,0
"53",6107017,"010802070203",0.792781,0,0,"MA",0,0,0,0,1,0,0,0
"54",6107019,"010802070203",0.886881,0,0,"MA",0,0,0,0,1,0,0,0
"55",6107021,"010802070203",1.124523,0,0,"MA",0,0,0,0,1,0,0,0
"56",6107023,"010802070203",3.871652,0,0,"MA",0,0,0,0,1,0,0,0
"57",6107027,"010802070203",15.563775,0,0,"MA",0,0,0,0,1,0,0,0
"58",6107029,"010802070203",9.307857,0,0,"MA",0,0,0,0,1,0,0,0
"59",6107031,"010802070203",0.062732,0,0,"MA",0,0,0,0,1,0,0,0
"60",6107033,"010802070301",3.377193,0,0,"MA",0,0,0,0,1,0,0,0
"61",6107035,"010802070203",1.04053,0,0,"MA",0,0,0,0,1,0,0,0
"62",6107037,"010802070203",8.222568,0,0,"MA",0,0,0,0,1,0,0,0
"63",6107039,"010802070203",2.767019,0,0,"MA",0,0,0,0,1,0,0,0
"64",6107041,"010802070203",1.431837,0,0,"MA",0,0,0,0,1,0,0,0
"65",6107043,"010802070203",0.935594,0,0,"MA",0,0,0,0,1,0,0,0
"66",6107045,"010802070203",0.877046,0,0,"MA",0,0,0,0,1,0,0,0
"67",6107047,"010802070204",1.400987,0,0,"MA",0,0,0,0,1,0,0,0
"68",6107049,"010802070204",0.262054,0,0,"MA",0,0,0,0,1,0,0,0
"69",6107051,"010802070204",5.868592,0,0,"MA",0,0,0,0,1,0,0,0
"70",6107055,"010802070204",1.358045,0,0,"MA",0,0,0,0,1,0,0,0
"71",6107059,"010802070204",7.317635,0,0,"CT",0,0,0,0,1,0,0,0
"72",6107063,"010802070204",9.214557,0,0,"MA",0,0,0,0,1,0,0,0
"73",6107065,"010802070102",4.150338,0,0,"MA",0,0,0,0,1,0,0,0
"74",6107067,"010802070102",18.912953,0,0,"CT",0,0,0,0,1,0,0,0
"75",6107077,"010802070102",7.754436,0.0147334284,0.19,"CT",0,0,0,0,1,3.640703824782,0,0
"76",6107079,"010802070102",0.713526,0,0,"CT",0,0,0,0,1,0,0,0
"77",6107083,"010802070102",6.208221,0,0,"CT",0,0,0,0,1,0,0,0
"78",6107085,"010802070102",4.106013,0,0,"CT",0,0,0,0,1,0,0,0
"79",6107087,"010802070102",0.705625,0,0,"CT",0,0,0,0,1,0,0,0
"80",6107089,"010802070102",1.47998,0,0,"CT",0,0,0,0,1,0,0,0
"81",6107093,"010802070204",0.051294,0,0,"CT",0,0,0,0,1,0,0,0
"82",6107097,"010802070102",0.847396,0,0,"CT",0,0,0,0,1,0,0,0
"83",6107099,"010802070102",1.642977,0,0,"CT",0,0,0,0,1,0,0,0
"84",6107101,"010802070102",8.404219,0,0,"CT",0,0,0,0,1,0,0,0
"85",6107139,"010802070202",1.071653,0,0,"MA",0,0,0,0,1,0,0,0
"86",6107141,"010802070201",0.65662,0,0,"MA",0,0,0,0,1,0,0,0
"87",6107145,"010802070202",29.652029,0,0,"MA",0,0,0,0,1,0,0,0
"88",6107147,"010802070204",9.027292,0,0,"MA",0,0,0,0,1,0,0,0
"89",6107153,"010802070202",7.315994,0,0,"MA",0,0,0,0,1,0,0,0
"90",6107161,"010802070202",0.700601,0,0,"MA",0,0,0,0,1,0,0,0
"91",6107165,"010802070202",0.385932,0,0,"MA",0,0,0,0,1,0,0,0
"92",6107169,"010802070201",0.288741,0,0,"MA",0,0,0,0,1,0,0,0
"93",6107171,"010802070202",1.753127,0,0,"MA",0,0,0,0,1,0,0,0
"94",6107173,"010802070201",6.090809,0,0,"MA",0,0,0,0,1,0,0,0
"95",6107175,"010802070202",1.025037,0,0,"MA",0,0,0,0,1,0,0,0
"96",6107179,"010802070201",2.103186,0,0,"MA",0,0,0,0,1,0,0,0
"97",6107183,"010802070203",1.797405,0,0,"MA",0,0,0,0,1,0,0,0
"98",6107185,"010802070201",15.022155,0,0,"MA",0,0,0,0,1,0,0,0
"99",6107187,"010802070203",1.190394,0,0,"MA",0,0,0,0,1,0,0,0
"100",6107189,"010802070203",0.195211,0,0,"MA",0,0,0,0,1,0,0,0
"101",6107193,"010802070203",1.819233,0,0,"MA",0,0,0,0,1,0,0,0
"102",6107195,"010802070301",1.4488,0,0,"MA",0,0,0,0,1,0,0,0
"103",6107197,"010802070203",0.986711,0,0,"MA",0,0,0,0,1,0,0,0
"104",6107199,"010802070204",3.45351,0,0,"MA",0,0,0,0,1,0,0,0
"105",6107203,"010802070204",0.344584,0,0,"CT",0,0,0,0,1,0,0,0
"106",6107207,"010802070204",5.187697,0,0,"CT",0,0,0,0,1,0,0,0
"107",6107209,"010802070102",0.964982,0.0180451634,1.87,"CT",0,0,0,0,1,4.459050101957,0,0
"108",6107211,"010802070204",8.737921,0,0,"CT",0,0,0,0,1,0,0,0
"109",6107213,"010802070204",1.699733,0,0,"CT",0,0,0,0,1,0,0,0
"110",6107215,"010802070202",3.982138,0,0,"MA",0,0,0,0,1,0,0,0
"111",6107217,"010802070201",4.811355,0,0,"MA",0,0,0,0,1,0,0,0
"112",6107219,"010802070201",1.596399,0,0,"MA",0,0,0,0,1,0,0,0
"113",6107221,"010802070201",1.232124,0,0,"MA",0,0,0,0,1,0,0,0
"114",6107223,"010802070202",1.223301,0,0,"MA",0,0,0,0,1,0,0,0
"115",6107225,"010802070201",0.394231,0,0,"MA",0,0,0,0,1,0,0,0
"116",6107229,"010802070202",0.961746,0,0,"MA",0,0,0,0,1,0,0,0
"117",6107233,"010802070202",3.056626,0.0207850568,0.68,"MA",0,0,0,0,1,5.136091460564,0,0
"118",6107235,"010802070203",4.870439,0,0,"MA",0,0,0,0,1,0,0,0
"119",6107239,"010802070203",1.606336,0,0,"MA",0,0,0,0,1,0,0,0
"120",6107241,"010802070204",2.205477,0,0,"MA",0,0,0,0,1,0,0,0
"121",6107243,"010802070102",0.590881,0,0,"MA",0,0,0,0,1,0,0,0
"122",6107245,"010802070204",3.600746,0,0,"CT",0,0,0,0,1,0,0,0
"123",6107247,"010802070102",4.633417,0,0,"CT",0,0,0,0,1,0,0,0
"124",6109047,"010802070502",0.452624,0.0405551104,8.96,"CT",1,10.021370555392,0,0,0,0,0,0
"125",6109049,"010802070501",2.316013,0,0,"CT",0,0,0,0,1,0,0,0
"126",6109051,"010802070501",1.798209,0,0,"CT",0,0,0,0,1,0,0,0
"127",6109053,"010802070502",1.137472,0.1851804416,16.28,"CT",1,45.759013021568,0,0,0,0,0,0
"128",6109055,"010802070502",0.293317,0.0340834354,11.62,"CT",1,8.422187304517,0,0,0,0,0,0
"129",6109057,"010802070302",2.326585,0,0,"CT",0,0,0,0,1,0,0,0
"130",6109059,"010802070502",3.535894,0.1746731636,4.94,"CT",1,43.162612091378,0,0,0,0,0,0
"131",6109061,"010802070302",1.688645,0,0,"CT",0,0,0,0,1,0,0,0
"132",6109063,"010802070502",2.320369,0.157785092,6.8,"CT",1,38.98948515866,0,0,0,0,0,0
"133",6109065,"010802070502",0.057542,0,0,"CT",1,0,0,0,0,0,0,0
"134",6109067,"010802070502",5.513427,0.0430047306,0.78,"CT",1,10.626683954913,0,0,0,0,0,0
"135",6109069,"010802070501",2.670466,0,0,"CT",0,0,0,0,1,0,0,0
"136",6109071,"010802070502",10.574033,0.5561941358,5.26,"CT",1,137.438351926859,0,0,0,0,0,0
"137",6109073,"010802070502",1.662618,0.0585241536,3.52,"CT",1,14.461610975328,0,0,0,0,0,0
"138",6109075,"010802070502",24.530113,2.5094305599,10.23,"CT",1,620.09283850409,0,0,0,0,0,0
"139",6109077,"010802070502",0.11406,0,0,"CT",1,0,0,0,0,0,0,0
"140",6109079,"010802070502",0.272564,0,0,"CT",1,0,0,0,0,0,0,0
"141",6109081,"010802070501",2.066457,0,0,"CT",0,0,0,0,1,0,0,0
"142",6109083,"010802070502",3.989013,0.0386934261,0.97,"CT",1,9.5613390564405,0,0,0,0,0,0
"143",6109085,"010802070501",6.561674,0.0419947136,0.64,"CT",0,0,0,0,1,10.377103704128,0,0
"144",6109087,"010802070501",2.827654,0.032518021,1.15,"CT",0,0,0,0,1,8.035365579205,0,0
"145",6109089,"010802070501",1.705171,0.0503025445,2.95,"CT",0,0,0,0,1,12.4300102586725,0,0
"146",6109093,"010802070302",4.372238,0,0,"CT",0,0,0,0,1,0,0,0
"147",6109095,"010802070501",1.659613,0.0441457058,2.66,"CT",0,0,0,0,1,10.908624631709,0,0
"148",6109097,"010802070501",5.325828,0,0,"CT",0,0,0,0,1,0,0,0
"149",6109099,"010802070501",1.358832,0.2258378784,16.62,"CT",0,0,0,0,1,55.805668942032,0,0
"150",6109101,"010802070502",0.106575,0.00528612,4.96,"CT",1,1.3062266826,0,0,0,0,0,0
"151",6109105,"010802070501",1.074781,0,0,"CT",0,0,0,0,1,0,0,0
"152",6109107,"010802070501",4.25012,0.11262818,2.65,"CT",0,0,0,0,1,27.8309864189,0,0
"153",6109109,"010802070502",2.053671,0.7442503704,36.24,"CT",1,183.907987777692,0,0,0,0,0,0
"154",6109111,"010802070502",10.155097,0.5209564761,5.13,"CT",1,128.73095002669,0,0,0,0,0,0
"155",6109113,"010802070501",4.345183,0,0,"CT",0,0,0,0,1,0,0,0
"156",6109117,"010802070302",4.220368,0,0,"CT",0,0,0,0,1,0,0,0
"157",6109121,"010802070602",2.017194,0.680802975,33.75,"CT",1,168.229819137375,0,0,0,0,0,0
"158",6109131,"010802070602",2.928705,0.03514446,1.2,"CT",1,8.6843717883,0,0,0,0,0,0
"159",6109135,"010802070602",1.001445,0.0233336685,2.33,"CT",1,5.7658661546925,0,0,0,0,0,0
"160",6109141,"010802070302",0.298177,0,0,"CT",0,0,0,0,1,0,0,0
"161",6109143,"010802070602",0.007791,0,0,"CT",1,0,0,0,0,0,0,0
"162",6109145,"010802070501",12.997987,0.1806720193,1.39,"CT",0,0,0,0,1,44.6449593291265,0,0
"163",6109147,"010802070204",3.869446,0,0,"CT",0,0,0,0,1,0,0,0
"164",6109149,"010802070602",0.336553,0.062262305,18.5,"CT",1,15.385326877025,0,0,0,0,0,0
"165",6109151,"010802070402",4.492064,0,0,"CT",0,0,0,0,1,0,0,0
"166",6109153,"010802070402",10.672419,0,0,"CT",0,0,0,0,1,0,0,0
"167",6109159,"010802070602",4.789544,0.026342492,0.55,"CT",1,6.50936148566,0,0,0,0,0,0
"168",6109163,"010802070302",6.419198,0,0,"CT",0,0,0,0,1,0,0,0
"169",6109165,"010802070204",0.310405,0,0,"CT",0,0,0,0,1,0,0,0
"170",6109169,"010802070204",4.151265,0.0244924635,0.59,"CT",0,0,0,0,1,6.0522101931675,0,0
"171",6109171,"010802070602",5.974436,0.1380094716,2.31,"CT",1,34.102830479718,0,0,0,0,0,0
"172",6109173,"010802070302",0.674135,0,0,"CT",0,0,0,0,1,0,0,0
"173",6109179,"010802070204",0.231148,0,0,"CT",0,0,0,0,1,0,0,0
"174",6109181,"010802070302",0.434481,0,0,"CT",0,0,0,0,1,0,0,0
"175",6109185,"010802070204",1.511722,0,0,"CT",0,0,0,0,1,0,0,0
"176",6109187,"010802070204",0.203562,0,0,"CT",0,0,0,0,1,0,0,0
"177",6109189,"010802070602",5.647586,0.7065130086,12.51,"CT",1,174.582896990103,0,0,0,0,0,0
"178",6109191,"010802070302",0.363892,0,0,"CT",0,0,0,0,1,0,0,0
"179",6109195,"010802070204",2.628344,0,0,"CT",0,0,0,0,1,0,0,0
"180",6109197,"010802070402",0.639653,0,0,"CT",0,0,0,0,1,0,0,0
"181",6109199,"010802070602",6.964926,0.0181088076,0.26,"CT",1,4.474776901998,0,0,0,0,0,0
"182",6109201,"010802070602",10.024638,0.1974853686,1.97,"CT",1,48.799622007903,0,0,0,0,0,0
"183",6109203,"010802070402",0.332446,0,0,"CT",0,0,0,0,1,0,0,0
"184",6109205,"010802070402",0.246534,0,0,"CT",0,0,0,0,1,0,0,0
"185",6109207,"010802070204",0.795532,0,0,"CT",0,0,0,0,1,0,0,0
"186",6109217,"010802070402",2.397602,0,0,"CT",0,0,0,0,1,0,0,0
"187",6109219,"010802070402",20.851679,0.0500440296,0.24,"CT",0,0,0,0,1,12.366129934308,0,0
"188",6109221,"010802070601",4.192767,0.4708477341,11.23,"CT",1,116.348829334781,0,0,0,0,0,0
"189",6109223,"010802070405",4.626262,0,0,"CT",0,0,0,0,1,0,0,0
"190",6109225,"010802070401",0.923803,0,0,"CT",0,0,0,0,1,0,0,0
"191",6109231,"010802070402",8.898666,0,0,"CT",0,0,0,0,1,0,0,0
"192",6109235,"010802070401",7.82052,0,0,"CT",0,0,0,0,1,0,0,0
"193",6109239,"010802070405",7.445408,0,0,"CT",0,0,0,0,1,0,0,0
"194",6109243,"010802070405",1.42725,0,0,"CT",0,0,0,0,1,0,0,0
"195",6109245,"010802070405",1.814738,0,0,"CT",0,0,0,0,1,0,0,0
"196",6109247,"010802070405",10.50806,0.009457254,0.09,"CT",0,0,0,0,1,2.33693474967,0,0
"197",6109249,"010802070601",5.357738,0.02678869,0.5,"CT",0,0,0,0,0,0,1,6.61961924245
"198",6109251,"010802070601",2.004698,0.0224526176,1.12,"CT",0,0,0,0,0,0,1,5.548154072048
"199",6109255,"010802070601",3.582723,0.2747948541,7.67,"CT",0,0,0,0,0,0,1,67.9031824223805
"200",6109257,"010802070405",0.034228,0,0,"CT",0,0,0,0,1,0,0,0
"201",6109259,"010802070405",4.114984,0,0,"CT",0,0,0,0,1,0,0,0
"202",6109263,"010802070405",4.677574,0,0,"CT",0,0,0,0,1,0,0,0
"203",6109265,"010802070403",4.754124,0,0,"CT",0,0,0,0,1,0,0,0
"204",6109271,"010802070403",1.931839,0,0,"CT",0,0,0,0,1,0,0,0
"205",6109273,"010802070405",0.055913,0.0443781481,79.37,"CT",0,0,0,0,1,10.9660622862505,0,0
"206",6109275,"010802070404",2.974582,0.0568145162,1.91,"CT",1,14.039151025601,0,0,0,0,0,0
"207",6109277,"010802070403",4.600657,0,0,"CT",0,0,0,0,1,0,0,0
"208",6109279,"010802070404",0.193272,0,0,"CT",1,0,0,0,0,0,0,0
"209",6109281,"010802070403",5.336153,0,0,"CT",0,0,0,0,1,0,0,0
"210",6109283,"010802070404",2.32396,0,0,"CT",1,0,0,0,0,0,0,0
"211",6109287,"010802070403",2.124133,0,0,"CT",0,0,0,0,1,0,0,0
"212",6109289,"010802070404",4.101894,0.0865499634,2.11,"CT",1,21.386928705957,0,0,0,0,0,0
"213",6109291,"010802070404",4.012861,0,0,"CT",1,0,0,0,0,0,0,0
"214",6109295,"010802070403",8.537599,0,0,"CT",0,0,0,0,1,0,0,0
"215",6109303,"010802070404",3.39538,0,0,"CT",1,0,0,0,0,0,0,0
"216",6109305,"010802070404",10.459999,0,0,"CT",1,0,0,0,0,0,0,0
"217",6109307,"010802070404",4.224427,0,0,"CT",1,0,0,0,0,0,0,0
"218",6109437,"010802070501",9.228479,0,0,"CT",0,0,0,0,1,0,0,0
"219",6109439,"010802070501",12.145223,0,0,"CT",0,0,0,0,1,0,0,0
"220",6109441,"010802070302",14.235883,0,0,"CT",0,0,0,0,1,0,0,0
"221",6109449,"010802070602",27.418373,0.2906347538,1.06,"CT",1,71.817300837749,0,0,0,0,0,0
"222",6109451,"010802070302",1.774905,0,0,"CT",0,0,0,0,1,0,0,0
"223",6109455,"010802070405",2.827725,0,0,"CT",0,0,0,0,1,0,0,0
"224",6109457,"010802070401",12.272879,0.0282276217,0.23,"CT",0,0,0,0,1,6.9751864601785,0,0
"225",6109459,"010802070405",2.806591,0.0016839546,0.06,"CT",0,0,0,0,1,0.416113601433,0,0
"226",6109463,"010802070403",4.248149,0,0,"CT",0,0,0,0,1,0,0,0
"227",6109465,"010802070403",5.814009,0,0,"CT",0,0,0,0,1,0,0,0
"228",6109467,"010802070403",2.388824,0,0,"CT",0,0,0,0,1,0,0,0
"229",6109469,"010802070403",4.778253,0,0,"CT",0,0,0,0,1,0,0,0
"230",6109471,"010802070404",5.921842,0.0657324462,1.11,"CT",1,16.242816118251,0,0,0,0,0,0
"231",6109473,"010802070404",6.567291,0.4196498949,6.39,"CT",1,103.697587279264,0,0,0,0,0,0
"232",6109475,"010802070404",1.702961,0,0,"CT",1,0,0,0,0,0,0,0
"233",6109477,"010802070404",0.051158,0,0,"CT",1,0,0,0,0,0,0,0
"234",6109479,"010802070404",12.940912,0.0155290944,0.12,"CT",1,3.837316871712,0,0,0,0,0,0
"235",6109487,"010802070502",0.185629,0,0,"CT",1,0,0,0,0,0,0,0
"236",6109493,"010802070302",5.171383,0,0,"CT",0,0,0,0,1,0,0,0
"237",6109497,"010802070302",3.983698,0,0,"CT",0,0,0,0,1,0,0,0
"238",6109501,"010802070501",0.09138,0.03673476,40.2,"CT",0,0,0,0,1,9.0773428698,0,0
"239",6109505,"010802070602",4.217002,0,0,"CT",1,0,0,0,0,0,0,0
"240",6109507,"010802070602",0.307588,0,0,"CT",1,0,0,0,0,0,0,0
"241",6109509,"010802070602",10.338942,0.3484223454,3.37,"CT",1,86.096903660067,0,0,0,0,0,0
"242",6109511,"010802070602",0.656991,0.0188556417,2.87,"CT",0,0,1,4.6593233422785,0,0,0,0
"243",6109513,"010802070602",0.043084,0.0238340688,55.32,"CT",1,5.889517570824,0,0,0,0,0,0
"244",6109515,"010802070602",0.112949,0.0242049707,21.43,"CT",1,5.9811692848235,0,0,0,0,0,0
"245",6109517,"010802070602",0.793788,0.1389129,17.5,"CT",1,34.3260721545,0,0,0,0,0,0
"246",6109519,"010802070602",1.402775,0,0,"CT",1,0,0,0,0,0,0,0
"247",6109523,"010802070302",11.750786,0,0,"CT",0,0,0,0,1,0,0,0
"248",6109527,"010802070602",0.757258,0,0,"CT",1,0,0,0,0,0,0,0
"249",6109531,"010802070602",12.930782,0.9258439912,7.16,"CT",1,228.780679445476,0,0,0,0,0,0
"250",6109535,"010802070302",3.548189,0,0,"CT",0,0,0,0,1,0,0,0
"251",6109537,"010802070602",12.100296,0.834920424,6.9,"CT",1,206.31301137252,0,0,0,0,0,0
"252",6109539,"010802070602",2.218422,0.3265517184,14.72,"CT",1,80.692562375232,0,0,0,0,0,0
"253",6109547,"010802070302",6.215823,0,0,"CT",0,0,0,0,1,0,0,0
"254",6109549,"010802070602",3.237255,0.2178672615,6.73,"CT",1,53.8360896529575,0,0,0,0,0,0
"255",6109551,"010802070204",0.443629,0,0,"CT",0,0,0,0,1,0,0,0
"256",6109553,"010802070602",6.62183,0.537692596,8.12,"CT",1,132.86652893458,0,0,0,0,0,0
"257",6109555,"010802070302",1.670075,0,0,"CT",0,0,0,0,1,0,0,0
"258",6109557,"010802070302",2.075524,0,0,"CT",0,0,0,0,1,0,0,0
"259",6109559,"010802070204",1.249974,0,0,"CT",0,0,0,0,1,0,0,0
"260",6109563,"010802070302",2.663051,0,0,"CT",0,0,0,0,1,0,0,0
"261",6109565,"010802070204",1.053693,0,0,"CT",0,0,0,0,1,0,0,0
"262",6109567,"010802070302",0.87099,0,0,"CT",0,0,0,0,1,0,0,0
"263",6109573,"010802070204",2.016288,0,0,"CT",0,0,0,0,1,0,0,0
"264",6109575,"010802070204",0.249964,0,0,"CT",0,0,0,0,1,0,0,0
"265",6109581,"010802070601",5.89372,0.153826092,2.61,"CT",1,38.01119646366,0,0,0,0,0,0
"266",6109583,"010802070204",1.300144,0,0,"CT",0,0,0,0,1,0,0,0
"267",6109585,"010802070204",0.617381,0,0,"CT",0,0,0,0,1,0,0,0
"268",6109589,"010802070204",0.584186,0,0,"CT",0,0,0,0,1,0,0,0
"269",6109593,"010802070402",0.092128,0,0,"CT",0,0,0,0,1,0,0,0
"270",6109595,"010802070402",5.384925,0,0,"CT",0,0,0,0,1,0,0,0
"271",6109597,"010802070204",0.311163,0,0,"CT",0,0,0,0,1,0,0,0
"272",6109599,"010802070402",0.433781,0,0,"CT",0,0,0,0,1,0,0,0
"273",6109601,"010802070402",0.177078,0,0,"CT",0,0,0,0,1,0,0,0
"274",6109609,"010802070402",1.807467,0,0,"CT",0,0,0,0,1,0,0,0
"275",6109611,"010802070405",0.099344,0,0,"CT",0,0,0,0,1,0,0,0
"276",6109613,"010802070402",1.178001,0,0,"CT",0,0,0,0,1,0,0,0
"277",6109615,"010802070402",0.453408,0,0,"CT",0,0,0,0,1,0,0,0
"278",6109619,"010802070405",0.673354,0,0,"CT",0,0,0,0,1,0,0,0
"279",6109625,"010802070401",3.344074,0,0,"CT",0,0,0,0,1,0,0,0
"280",6109629,"010802070401",6.555391,0,0,"CT",0,0,0,0,1,0,0,0
"281",6109631,"010802070402",5.752862,0,0,"CT",0,0,0,0,1,0,0,0
"282",6109635,"010802070405",0.3958,0,0,"CT",0,0,0,0,1,0,0,0
"283",6109639,"010802070405",0.0018,0,0,"CT",0,0,0,0,1,0,0,0
"284",6109641,"010802070405",19.375494,0,0,"CT",0,0,0,0,1,0,0,0
"285",6109643,"010802070405",0.831512,0,0,"CT",0,0,0,0,1,0,0,0
"286",6109647,"010802070405",8.804005,0.392658623,4.46,"CT",0,0,0,0,1,97.027909036415,0,0
"287",6109649,"010802070601",22.65938,1.07632055,4.75,"CT",0,0,0,0,0,0,1,265.96418950775
"288",6109651,"010802070405",0.043937,0.02284724,52,"CT",0,0,0,0,1,5.6456672402,0,0
"289",6109653,"010802070405",0.061175,0.0009115075,1.49,"CT",0,0,0,0,1,0.2252380607875,0,0
"290",6109655,"010802070403",1.347947,0,0,"CT",0,0,0,0,1,0,0,0
"291",6109657,"010802070404",0.197866,0,0,"CT",1,0,0,0,0,0,0,0
"292",6109661,"010802070404",0.560151,0,0,"CT",1,0,0,0,0,0,0,0
"293",6109663,"010802070404",0.685709,0,0,"CT",1,0,0,0,0,0,0,0
"294",6109669,"010802070404",0.968538,0,0,"CT",1,0,0,0,0,0,0,0
"295",6109683,"010802070501",0.748263,0,0,"CT",0,0,0,0,1,0,0,0
"296",6109689,"010802070404",0.250256,0,0,"CT",1,0,0,0,0,0,0,0
"297",6109695,"010802070403",0.160641,0,0,"CT",0,0,0,0,1,0,0,0
"298",6109705,"010802070402",0.063987,0,0,"CT",0,0,0,0,1,0,0,0
"299",6109717,"010802070602",0.545707,0,0,"CT",1,0,0,0,0,0,0,0
"300",6109721,"010802070602",1.672052,0,0,"CT",1,0,0,0,0,0,0,0
"301",6109731,"010802070602",5.636028,0.0681959388,1.21,"CT",1,16.851557457174,0,0,0,0,0,0
"302",6109743,"010802070601",43.903673,0.7727046448,1.76,"CT",0,0,0,0,0,0,1,190.939181253304
"303",6109749,"010802070405",0.766109,0,0,"CT",0,0,0,0,1,0,0,0
"304",6109755,"010802070404",0.40897,0,0,"CT",1,0,0,0,0,0,0,0
"305",6109757,"010802070602",0.615004,0,0,"CT",1,0,0,0,0,0,0,0
"306",6109759,"010802070204",0.510078,0,0,"CT",0,0,0,0,1,0,0,0
"307",6109765,"010802070405",1.37774,0,0,"CT",0,0,0,0,1,0,0,0
"308",6111153,"010802070102",2.473809,0,0,"CT",0,0,0,0,1,0,0,0
"309",6111155,"010802070102",1.196256,0,0,"CT",0,0,0,0,1,0,0,0
"310",6111157,"010802070103",0.703208,0,0,"CT",0,0,0,0,1,0,0,0
"311",6111159,"010802070103",0.714713,0,0,"CT",0,0,0,0,1,0,0,0
"312",6111161,"010802070101",4.124977,0,0,"CT",1,0,0,0,0,0,0,0
"313",6111163,"010802070103",0.594361,0,0,"CT",0,0,0,0,1,0,0,0
"314",6111165,"010802070103",0.098181,0,0,"CT",0,0,0,0,1,0,0,0
"315",6111167,"010802070101",3.019053,0,0,"CT",1,0,0,0,0,0,0,0
"316",6111169,"010802070101",0.932411,0,0,"CT",1,0,0,0,0,0,0,0
"317",6111171,"010802070101",3.944917,0,0,"CT",1,0,0,0,0,0,0,0
"318",6111173,"010802070101",0.900225,0,0,"CT",1,0,0,0,0,0,0,0
"319",6111175,"010802070101",5.572264,0,0,"CT",1,0,0,0,0,0,0,0
"320",6111177,"010802070103",2.550614,0,0,"CT",0,0,0,0,1,0,0,0
"321",6111179,"010802070103",3.059999,0,0,"CT",0,0,0,0,1,0,0,0
"322",6111183,"010802070103",1.44275,0,0,"CT",0,0,0,0,1,0,0,0
"323",6111185,"010802070101",4.063712,0,0,"CT",1,0,0,0,0,0,0,0
"324",6111187,"010802070101",2.952265,0,0,"CT",1,0,0,0,0,0,0,0
"325",6111193,"010802070101",0.471464,0,0,"CT",1,0,0,0,0,0,0,0
"326",6111195,"010802070101",6.54924,0,0,"CT",1,0,0,0,0,0,0,0
"327",6111197,"010802070101",22.75102,0,0,"CT",1,0,0,0,0,0,0,0
"328",6111207,"010802070204",16.358789,0,0,"CT",0,0,0,0,1,0,0,0
"329",6111209,"010802070101",4.565699,0.0278507639,0.61,"CT",1,6.8820630135095,0,0,0,0,0,0
"330",6111211,"010802070103",1.937119,0,0,"CT",0,0,0,0,1,0,0,0
"331",6111213,"010802070103",2.18635,0,0,"CT",0,0,0,0,1,0,0,0
"332",6111215,"010802070103",0.909488,0,0,"CT",0,0,0,0,1,0,0,0
"333",6111217,"010802070103",0.492049,0,0,"CT",0,0,0,0,1,0,0,0
"334",6111219,"010802070103",1.60616,0,0,"CT",0,0,0,0,1,0,0,0
"335",6111221,"010802070401",2.004806,0,0,"CT",0,0,0,0,1,0,0,0
"336",6111223,"010802070401",0.021485,0,0,"CT",0,0,0,0,1,0,0,0
"337",6111225,"010802070401",1.623622,0.042214172,2.6,"CT",0,0,0,0,1,10.43133297206,0,0
"338",6111227,"010802070401",4.692767,0,0,"CT",0,0,0,0,1,0,0,0
"339",6111229,"010802070401",0.562604,0,0,"CT",0,0,0,0,1,0,0,0
"340",6111231,"010802070401",0.488311,0,0,"CT",0,0,0,0,1,0,0,0
"341",6111233,"010802070103",9.933779,0,0,"CT",0,0,0,0,1,0,0,0
"342",6111235,"010802070401",1.763583,0,0,"CT",0,0,0,0,1,0,0,0
"343",6111237,"010802070401",1.523142,0,0,"CT",0,0,0,0,1,0,0,0
"344",6111239,"010802070401",6.198478,0,0,"CT",0,0,0,0,1,0,0,0
"345",6111241,"010802070401",0.221567,0,0,"CT",0,0,0,0,1,0,0,0
"346",6111243,"010802070401",1.143082,0.0686992282,6.01,"CT",0,0,0,0,1,16.975922784361,0,0
"347",6111245,"010802070401",5.894505,0.0831125205,1.41,"CT",0,0,0,0,1,20.5375193781525,0,0
"348",6111247,"010802070401",10.054053,0,0,"CT",0,0,0,0,1,0,0,0
"349",6111249,"010802070404",0.110459,0.0035899175,3.25,"CT",0,0,1,0.8870865638375,0,0,0,0
"350",6111251,"010802070404",2.50788,0.008025216,0.32,"CT",1,1.98307099968,0,0,0,0,0,0
"351",6111257,"010802070404",2.027168,0,0,"CT",1,0,0,0,0,0,0,0
"352",6111261,"010802070404",2.497658,0,0,"CT",1,0,0,0,0,0,0,0
"353",6111267,"010802070404",2.241465,0,0,"CT",1,0,0,0,0,0,0,0
"354",6111269,"010802070404",6.645213,0,0,"CT",1,0,0,0,0,0,0,0
"355",6111271,"010802070404",1.744219,0,0,"CT",1,0,0,0,0,0,0,0
"356",6111273,"010802070404",2.33381,0,0,"CT",1,0,0,0,0,0,0,0
"357",6111275,"010802070404",1.505171,0,0,"CT",1,0,0,0,0,0,0,0
"358",6111279,"010802070404",0.553222,0,0,"CT",1,0,0,0,0,0,0,0
"359",6111285,"010802070404",1.343514,0.0009404598,0.07,"CT",1,0.232392318879,0,0,0,0,0,0
"360",6111287,"010802070404",3.853193,0,0,"CT",1,0,0,0,0,0,0,0
"361",6111291,"010802070404",2.907562,0,0,"CT",1,0,0,0,0,0,0,0
"362",6111405,"010802070102",0.088563,0,0,"CT",0,0,0,0,1,0,0,0
"363",6111407,"010802070102",0.157019,0,0,"CT",0,0,0,0,1,0,0,0
"364",6111413,"010802070102",2.467602,0,0,"CT",0,0,0,0,1,0,0,0
"365",6111415,"010802070102",4.271149,0,0,"CT",0,0,0,0,1,0,0,0
"366",6111417,"010802070102",1.692486,0,0,"CT",0,0,0,0,1,0,0,0
"367",6111419,"010802070103",1.919562,0,0,"CT",0,0,0,0,1,0,0,0
"368",6111421,"010802070204",10.963481,0,0,"CT",0,0,0,0,1,0,0,0
"369",6111423,"010802070204",9.719668,0,0,"CT",0,0,0,0,1,0,0,0
"370",6111425,"010802070101",13.938756,0,0,"CT",1,0,0,0,0,0,0,0
"371",6111429,"010802070101",8.262287,0,0,"CT",1,0,0,0,0,0,0,0
"372",6111435,"010802070101",0.557228,0,0,"CT",1,0,0,0,0,0,0,0
"373",6111437,"010802070101",5.529712,0,0,"CT",1,0,0,0,0,0,0,0
"374",6111445,"010802070401",11.613608,0,0,"CT",0,0,0,0,1,0,0,0
"375",6111459,"010802070102",4.687793,0,0,"CT",0,0,0,0,1,0,0,0
"376",6111463,"010802070204",2.462766,0,0,"CT",0,0,0,0,1,0,0,0
"377",6111465,"010802070102",1.537265,0,0,"CT",0,0,0,0,1,0,0,0
"378",6111467,"010802070103",1.575359,0,0,"CT",0,0,0,0,1,0,0,0
"379",6111471,"010802070101",0.162579,0,0,"CT",1,0,0,0,0,0,0,0
"380",6111473,"010802070101",0.078578,0,0,"CT",1,0,0,0,0,0,0,0
"381",6111475,"010802070101",0.622109,0,0,"CT",1,0,0,0,0,0,0,0
"382",6111481,"010802070401",0.068253,0,0,"CT",0,0,0,0,1,0,0,0
"383",6111483,"010802070404",0.076331,0,0,"CT",1,0,0,0,0,0,0,0
"384",6111485,"010802070404",0.988826,0,0,"CT",1,0,0,0,0,0,0,0
"385",6111487,"010802070404",0.713644,0,0,"CT",1,0,0,0,0,0,0,0
"386",6111489,"010802070404",0.698978,0,0,"CT",1,0,0,0,0,0,0,0
"387",6111491,"010802070404",0.121335,0,0,"CT",1,0,0,0,0,0,0,0
"388",6111493,"010802070404",0.48035,0,0,"CT",1,0,0,0,0,0,0,0
"389",6111501,"010802070102",1.880852,0,0,"CT",0,0,0,0,1,0,0,0
"390",6111503,"010802070102",0.872873,0,0,"CT",0,0,0,0,1,0,0,0
"391",6111505,"010802070103",1.395816,0,0,"CT",0,0,0,0,1,0,0,0
"392",6111511,"010802070204",2.944465,0,0,"CT",0,0,0,0,1,0,0,0
"393",6111513,"010802070401",1.924207,0,0,"CT",0,0,0,0,1,0,0,0
"394",6111515,"010802070103",3.492841,0,0,"CT",0,0,0,0,1,0,0,0
"395",6111517,"010802070404",0.100042,0.002651113,2.65,"CT",1,0.655103277865,0,0,0,0,0,0
"396",6111519,"010802070404",0.768391,0,0,"CT",1,0,0,0,0,0,0,0
"397",6111521,"010802070404",0.145902,0.0045083718,3.09,"CT",1,1.114041213639,0,0,0,0,0,0
"398",6111525,"010802070102",0.29132,0,0,"CT",0,0,0,0,1,0,0,0
"399",6111531,"010802070103",0.560343,0,0,"CT",0,0,0,0,1,0,0,0
"400",6111535,"010802070103",0.021779,0,0,"CT",0,0,0,0,1,0,0,0
"401",6112339,"010802070102",0.313854,0,0,"CT",0,0,0,0,1,0,0,0
"402",6112343,"010802070102",5.520818,0,0,"CT",0,0,0,0,1,0,0,0
"403",6112345,"010802070602",8.00502,0.591570978,7.39,"CT",1,146.18014651869,0,0,0,0,0,0
"404",6112347,"010802050502",0.473383,0.0287816864,6.08,"CT",0,0,0,0,1,7.112098617872,0,0
"405",6112349,"010802070402",1.072551,0,0,"CT",0,0,0,0,1,0,0,0
"406",6112351,"010802070405",0.388511,0.2686165054,69.14,"CT",0,0,0,0,1,66.376481566867,0,0
"407",6177294,"010802050904",1.5658,0,0,"CT",0,0,0,0,0,0,1,0
"408",6178046,"010802050904",0.646332,0,0,"CT",0,0,0,0,0,0,1,0
"409",7698028,"010802050101",2.894982,0,0,"MA",0,0,0,0,1,0,0,0
"410",7698038,"010802050101",0.554653,0,0,"MA",0,0,0,0,1,0,0,0
"411",7698042,"010802050101",2.127663,0.0278723853,1.31,"MA",0,0,0,0,1,6.8874057695565,0,0
"412",7698054,"010802050101",0.242551,0,0,"MA",0,0,0,0,1,0,0,0
"413",7698062,"010802050101",11.709167,0.1744665883,1.49,"MA",0,0,0,0,1,43.1115663018715,0,0
"414",7698064,"010802050201",4.673634,0,0,"MA",0,0,0,0,1,0,0,0
"415",7698066,"010802050201",2.747749,0,0,"MA",0,0,0,0,1,0,0,0
"416",7698070,"010802050201",0.218038,0,0,"MA",0,0,0,0,1,0,0,0
"417",7698072,"010802050102",0.006398,0,0,"MA",0,0,0,0,1,0,0,0
"418",7698074,"010802050201",1.191584,0,0,"MA",0,0,0,0,1,0,0,0
"419",7698076,"010802050102",5.437311,0,0,"MA",0,0,0,0,1,0,0,0
"420",7698078,"010802050201",7.135098,0,0,"MA",0,0,0,0,1,0,0,0
"421",7698080,"010802050201",1.012478,0,0,"MA",0,0,0,0,1,0,0,0
"422",7698082,"010802050102",2.321118,0,0,"MA",0,0,0,0,1,0,0,0
"423",7698084,"010802050201",2.282344,0,0,"MA",0,0,0,0,1,0,0,0
"424",7698086,"010802050201",0.480996,0,0,"MA",0,0,0,0,1,0,0,0
"425",7698088,"010802050201",0.275299,0,0,"MA",0,0,0,0,1,0,0,0
"426",7698090,"010802050201",0.316009,0,0,"MA",0,0,0,0,1,0,0,0
"427",7698092,"010802050201",2.264271,0,0,"MA",0,0,0,0,1,0,0,0
"428",7698094,"010802050201",0.360349,0,0,"MA",0,0,0,0,1,0,0,0
"429",7698098,"010802050102",0.445635,0,0,"MA",0,0,0,0,1,0,0,0
"430",7698100,"010802050201",1.043755,0,0,"MA",0,0,0,0,1,0,0,0
"431",7698102,"010802050201",0.470309,0,0,"MA",0,0,0,0,1,0,0,0
"432",7698104,"010802050201",1.797576,0,0,"MA",0,0,0,0,1,0,0,0
"433",7698106,"010802050201",1.851378,0,0,"MA",0,0,0,0,1,0,0,0
"434",7698108,"010802050102",1.916108,0.0252926256,1.32,"MA",0,0,0,0,1,6.249934248888,0,0
"435",7698112,"010802050102",2.666478,0.0269314278,1.01,"MA",0,0,0,0,1,6.654890466519,0,0
"436",7698114,"010802050102",2.818716,0.0107111208,0.38,"MA",0,0,0,0,1,2.646771505284,0,0
"437",7698116,"010802050102",0.262556,0,0,"MA",0,0,0,0,1,0,0,0
"438",7698118,"010802050201",1.647229,0,0,"MA",0,0,0,0,1,0,0,0
"439",7698120,"010802050102",2.164534,0.0145023778,0.67,"MA",0,0,0,0,1,3.583610066269,0,0
"440",7698122,"010802050201",1.777106,0.002665659,0.15,"MA",0,0,0,0,1,0.658697667195,0,0
"441",7698124,"010802050201",2.291323,0.0279541406,1.22,"MA",0,0,0,0,1,6.907607912963,0,0
"442",7698126,"010802050201",0.185912,0,0,"MA",0,0,0,0,1,0,0,0
"443",7698128,"010802050102",4.154743,0,0,"MA",0,0,0,0,1,0,0,0
"444",7698130,"010802050102",3.0232,0.08555656,2.83,"MA",0,0,0,0,1,21.1414537588,0,0
"445",7698132,"010802050201",2.589128,0,0,"MA",0,0,0,0,1,0,0,0
"446",7698134,"010802050103",4.183534,0.6873546362,16.43,"MA",0,0,0,0,1,169.848767378201,0,0
"447",7698136,"010802050103",0.243183,0.0163418976,6.72,"MA",0,0,0,0,1,4.038164606448,0,0
"448",7698138,"010802050201",2.732234,0,0,"MA",0,0,0,0,1,0,0,0
"449",7698140,"010802050201",0.940951,0,0,"MA",0,0,0,0,1,0,0,0
"450",7698142,"010802050103",1.676976,0.1874859168,11.18,"MA",0,0,0,0,1,46.328707470864,0,0
"451",7698144,"010802050103",0.130613,0,0,"MA",1,0,0,0,0,0,0,0
"452",7698146,"010802050201",0.643166,0,0,"MA",0,0,0,0,1,0,0,0
"453",7698148,"010802050102",1.395235,0.056646541,4.06,"MA",0,0,0,0,1,13.997643513805,0,0
"454",7698150,"010802050201",0.651921,0,0,"MA",0,0,0,0,1,0,0,0
"455",7698154,"010802050102",0.663872,0,0,"MA",0,0,0,0,1,0,0,0
"456",7698158,"010802050103",1.370046,0,0,"MA",1,0,0,0,0,0,0,0
"457",7698160,"010802050103",0.27327,0.125786181,46.03,"MA",1,31.082394256005,0,0,0,0,0,0
"458",7698162,"010802050103",0.972277,0.1629536252,16.76,"MA",0,0,0,0,1,40.266655555046,0,0
"459",7698164,"010802050102",7.274002,0,0,"CT",0,0,0,0,1,0,0,0
"460",7698170,"010802050102",1.004271,0.0901835358,8.98,"MA",0,0,0,0,1,22.284802613859,0,0
"461",7698172,"010802050201",0.501221,0,0,"MA",0,0,0,0,1,0,0,0
"462",7698174,"010802050105",0.886648,0.0304120264,3.43,"CT",0,0,0,0,1,7.514963783572,0,0
"463",7698176,"010802050102",0.225562,0,0,"MA",0,0,0,0,1,0,0,0
"464",7698178,"010802050102",0.171085,0,0,"MA",0,0,0,0,1,0,0,0
"465",7698180,"010802050201",0.94972,0.048530692,5.11,"CT",0,0,0,0,1,11.99217664666,0,0
"466",7698182,"010802050103",0.820001,0.1289861573,15.73,"CT",1,31.8731243996165,0,0,0,0,0,0
"467",7698184,"010802050102",1.097537,0.0566329092,5.16,"MA",0,0,0,0,1,13.994275027866,0,0
"468",7698186,"010802050102",0.632006,0,0,"MA",0,0,0,0,1,0,0,0
"469",7698192,"010802050105",0.085637,0.0142756879,16.67,"CT",0,0,0,0,1,3.5275938585295,0,0
"470",7698194,"010802050105",2.34706,0.086606514,3.69,"CT",0,0,0,0,1,21.40090264197,0,0
"471",7698196,"010802050201",1.219008,0,0,"CT",0,0,0,0,1,0,0,0
"472",7698198,"010802050102",0.201097,0,0,"CT",0,0,0,0,1,0,0,0
"473",7698200,"010802050102",0.5243,0,0,"MA",0,0,0,0,1,0,0,0
"474",7698202,"010802050103",0.123154,0.0149508956,12.14,"CT",1,3.694441057238,0,0,0,0,0,0
"475",7698208,"010802050103",2.481159,0.4374283317,17.63,"CT",0,0,0,0,1,108.090727904728,0,0
"476",7698210,"010802050103",7.446845,0.5294706795,7.11,"CT",0,0,0,0,1,130.834852257847,0,0
"477",7698212,"010802050105",0.05784,0.023494608,40.62,"CT",0,0,0,0,1,5.80563510984,0,0
"478",7698214,"010802050201",0.70171,0,0,"CT",0,0,0,0,1,0,0,0
"479",7698220,"010802050105",0.246828,0.0144147552,5.84,"CT",0,0,0,0,1,3.561958083696,0,0
"480",7698224,"010802050103",1.056541,0.3470737185,32.85,"CT",1,85.7636512099425,0,0,0,0,0,0
"481",7698228,"010802050105",0.286139,0.010873282,3.8,"CT",0,0,0,0,1,2.68684234861,0,0
"482",7698242,"010802050105",0.309221,0.0125543726,4.06,"CT",0,0,0,0,1,3.102248241323,0,0
"483",7698246,"010802050105",0.222361,0.0639065514,28.74,"CT",0,0,0,0,1,15.791628383697,0,0
"484",7698248,"010802050105",0.349813,0.0251165734,7.18,"CT",0,0,0,0,1,6.206430870007,0,0
"485",7698250,"010802050201",1.160279,0,0,"CT",0,0,0,0,1,0,0,0
"486",7698252,"010802050201",0.413743,0,0,"CT",0,0,0,0,1,0,0,0
"487",7698254,"010802050201",0.131975,0,0,"CT",0,0,0,0,1,0,0,0
"488",7698256,"010802050201",0.077057,0,0,"CT",0,0,0,0,1,0,0,0
"489",7698258,"010802050102",3.68504,0,0,"CT",0,0,0,0,1,0,0,0
"490",7698262,"010802050201",0.106122,0,0,"CT",0,0,0,0,1,0,0,0
"491",7698264,"010802050105",0.99721,0,0,"CT",0,0,0,0,1,0,0,0
"492",7698266,"010802050103",2.518753,0.3213928828,12.76,"CT",1,79.417788304294,0,0,0,0,0,0
"493",7698272,"010802050102",1.972942,0.0396561342,2.01,"CT",0,0,0,0,1,9.799229041491,0,0
"494",7698274,"010802050201",1.720109,0,0,"CT",0,0,0,0,1,0,0,0
"495",7698276,"010802050105",0.887245,0.1411606795,15.91,"CT",0,0,0,0,1,34.8815097078475,0,0
"496",7698278,"010802050105",2.23143,0.026107731,1.17,"CT",0,0,0,0,1,6.451350868755,0,0
"497",7698280,"010802050201",1.616059,0.5638429851,34.89,"CT",0,0,0,0,1,139.328420833135,0,0
"498",7698284,"010802050102",2.718256,0.527341664,19.4,"CT",0,0,0,0,1,130.30876188272,0,0
"499",7698286,"010802050102",6.091499,1.0318999306,16.94,"CT",0,0,0,0,1,254.987632350913,0,0
"500",7698288,"010802050103",1.496558,0.234959606,15.7,"CT",1,58.05969344063,0,0,0,0,0,0
"501",7698290,"010802050103",0.894646,0.3742304218,41.83,"CT",0,0,0,0,1,92.474208378889,0,0
"502",7698292,"010802050103",0.588099,0.1339101423,22.77,"CT",1,33.0898657130415,0,0,0,0,0,0
"503",7698294,"010802050103",0.25807,0.049446212,19.16,"CT",0,0,0,0,1,12.21840621626,0,0
"504",7698296,"010802050103",0.008786,0.0031945896,36.36,"CT",0,0,0,0,1,0.789399063108,0,0
"505",7698782,"010802050101",4.969912,0,0,"MA",0,0,0,0,1,0,0,0
"506",7698784,"010802050101",5.017878,0,0,"MA",0,0,0,0,1,0,0,0
"507",7698786,"010802050101",9.639149,0.0414483407,0.43,"MA",0,0,0,0,1,10.2420922286735,0,0
"508",7698788,"010802050101",5.649937,0,0,"MA",0,0,0,0,1,0,0,0
"509",7698790,"010802050101",0.867458,0,0,"MA",0,0,0,0,1,0,0,0
"510",7698792,"010802050101",1.441968,0.0422496624,2.93,"MA",0,0,0,0,1,10.440102827352,0,0
"511",7698794,"010802050101",6.700587,0,0,"MA",0,0,0,0,1,0,0,0
"512",7698796,"010802050101",2.94881,0,0,"MA",0,0,0,0,1,0,0,0
"513",7698798,"010802050101",1.746382,0,0,"MA",0,0,0,0,1,0,0,0
"514",7698800,"010802050101",2.020127,0,0,"MA",0,0,0,0,1,0,0,0
"515",7698802,"010802050101",1.198311,0,0,"MA",0,0,0,0,1,0,0,0
"516",7698806,"010802050101",4.244214,0.065785317,1.55,"MA",0,0,0,0,1,16.255880757285,0,0
"517",7698808,"010802050102",10.158857,0,0,"MA",0,0,0,0,1,0,0,0
"518",7698812,"010802050201",3.905244,0.023431464,0.6,"MA",0,0,0,0,1,5.79003191172,0,0
"519",7698814,"010802050201",1.480113,0,0,"MA",0,0,0,0,1,0,0,0
"520",7698816,"010802050201",4.530126,0.0684049026,1.51,"MA",0,0,0,0,1,16.903193456973,0,0
"521",7698818,"010802050201",1.51065,0,0,"MA",0,0,0,0,1,0,0,0
"522",7698820,"010802050103",0.405764,0,0,"MA",1,0,0,0,0,0,0,0
"523",7698822,"010802050103",2.583139,0.371972016,14.4,"CT",1,91.91614501368,0,0,0,0,0,0
"524",7698824,"010802050201",4.881313,0.336810597,6.9,"CT",0,0,0,0,1,83.227582571685,0,0
"525",7698826,"010802050201",1.32382,0.039582218,2.99,"CT",0,0,0,0,1,9.78096397889,0,0
"526",7698828,"010802050102",4.031131,0.0153182978,0.38,"CT",0,0,0,0,1,3.785227977869,0,0
"527",7698830,"010802050201",2.811915,0.1105082595,3.93,"MA",0,0,0,0,1,27.3071434637475,0,0
"528",7698832,"010802050201",3.804834,0,0,"CT",0,0,0,0,1,0,0,0
"529",7698834,"010802050103",2.262894,0.3776770086,16.69,"CT",0,0,0,0,1,93.325877210103,0,0
"530",7698838,"010802050201",2.784934,0,0,"CT",0,0,0,0,1,0,0,0
"531",7698840,"010802050102",2.496426,0,0,"CT",0,0,0,0,1,0,0,0
"532",7698842,"010802050201",6.768113,0.0717419978,1.06,"CT",0,0,0,0,1,17.727806366369,0,0
"533",7698844,"010802050103",0.732894,0.0134852496,1.84,"CT",1,3.332272602408,0,0,0,0,0,0
"534",7698846,"010802050201",2.839144,0.4951467136,17.44,"CT",0,0,0,0,1,122.353228664128,0,0
"535",7698848,"010802050103",1.235362,0.2562140788,20.74,"CT",0,0,0,0,1,63.311779941874,0,0
"536",7698850,"010802050103",0.61669,0.070425998,11.42,"CT",0,0,0,0,1,17.40261623579,0,0
"537",7698852,"010802050201",3.851839,1.221032963,31.7,"CT",0,0,0,0,1,301.723350322115,0,0
"538",7698854,"010802050103",1.167772,0.193266266,16.55,"CT",1,47.75706065993,0,0,0,0,0,0
"539",7698856,"010802050201",3.275833,0.0370169129,1.13,"CT",0,0,0,0,1,9.1470642621545,0,0
"540",7698858,"010802050103",4.232462,0.478268206,11.3,"CT",0,0,0,0,1,118.18246504363,0,0
"541",7698860,"010802050103",0.560881,0.0569855096,10.16,"CT",0,0,0,0,1,14.081404349708,0,0
"542",7698862,"010802050201",0.849328,0.4842868256,57.02,"CT",0,0,0,0,1,119.669696039888,0,0
"543",7698864,"010802050105",0.154342,0.0776185918,50.29,"CT",0,0,0,0,1,19.179942126739,0,0
"544",7698868,"010802050201",0.857443,0.3048209865,35.55,"CT",0,0,0,0,1,75.3227898690825,0,0
"545",7698870,"010802050201",1.949274,0,0,"CT",0,0,0,0,1,0,0,0
"546",7698872,"010802050203",3.866035,0.4921462555,12.73,"CT",1,121.611800465328,0,0,0,0,0,0
"547",7698874,"010802050201",0.760162,0,0,"CT",0,0,0,0,1,0,0,0
"548",7698876,"010802050201",0.155938,0,0,"CT",0,0,0,0,1,0,0,0
"549",7698880,"010802050105",2.792694,0.4264443738,15.27,"CT",0,0,0,0,1,105.376536987849,0,0
"550",7698882,"010802050105",1.104176,0.1513825296,13.71,"CT",0,0,0,0,1,37.407379976808,0,0
"551",7698884,"010802050103",1.613516,0.292853154,18.15,"CT",1,72.36547861917,0,0,0,0,0,0
"552",7698886,"010802050103",2.416034,0.2848504086,11.79,"CT",1,70.387960217103,0,0,0,0,0,0
"553",7698906,"010802050101",1.27788,0,0,"MA",0,0,0,0,1,0,0,0
"554",7698914,"010802050101",5.181762,0,0,"MA",0,0,0,0,1,0,0,0
"555",7698916,"010802050101",2.387366,0,0,"MA",0,0,0,0,1,0,0,0
"556",7698928,"010802050201",0.074559,0,0,"MA",0,0,0,0,1,0,0,0
"557",7698932,"010802050101",3.669642,0,0,"MA",0,0,0,0,1,0,0,0
"558",7698940,"010802050201",0.028454,0,0,"MA",0,0,0,0,1,0,0,0
"559",7698952,"010802050102",0.056272,0.010719816,19.05,"MA",0,0,0,0,1,2.64892013268,0,0
"560",7698954,"010802050102",1.473262,0,0,"MA",0,0,0,0,1,0,0,0
"561",7698956,"010802050102",0.372855,0,0,"MA",0,0,0,0,1,0,0,0
"562",7698958,"010802050102",0.116948,0.0017893044,1.53,"MA",0,0,0,0,1,0.442146063762,0,0
"563",7698960,"010802050102",1.17519,0.024326433,2.07,"MA",0,0,0,0,1,6.011183226465,0,0
"564",7698962,"010802050102",1.374905,0.193586624,14.08,"MA",0,0,0,0,1,47.83622272352,0,0
"565",7698966,"010802050105",0.182165,0.0107659515,5.91,"CT",0,0,0,0,1,2.6603204454075,0,0
"566",7698970,"010802050105",0.223196,0,0,"CT",0,0,0,0,1,0,0,0
"567",7698972,"010802050102",0.122175,0,0,"MA",0,0,0,0,1,0,0,0
"568",7698974,"010802050105",1.80616,0.186215096,10.31,"CT",0,0,0,0,1,46.01468129708,0,0
"569",7698980,"010802050105",0.96771,0.179606976,18.56,"CT",0,0,0,0,1,44.38178180448,0,0
"570",7698982,"010802050201",0.020286,0,0,"CT",0,0,0,0,1,0,0,0
"571",7698984,"010802050201",0.300465,0,0,"CT",0,0,0,0,1,0,0,0
"572",7698988,"010802050102",1.584001,0.0853776539,5.39,"CT",0,0,0,0,1,21.0972451669595,0,0
"573",7698990,"010802050103",0.095536,0.0225273888,23.58,"CT",0,0,0,0,1,5.566630409424,0,0
"574",7698992,"010802050103",0.237256,0.0586259576,24.71,"CT",1,14.486767252748,0,0,0,0,0,0
"575",7698994,"010802050102",2.113156,0,0,"CT",0,0,0,0,1,0,0,0
"576",7699002,"010802050102",1.36063,0.06939213,5.1,"CT",0,0,0,0,1,17.14714228365,0,0
"577",7699016,"010802050201",0.652422,0,0,"MA",0,0,0,0,1,0,0,0
"578",7699020,"010802050201",1.117881,0.0252641106,2.26,"MA",0,0,0,0,1,6.242888049813,0,0
"579",7699022,"010802050201",1.0216,0,0,"CT",0,0,0,0,1,0,0,0
"580",7699024,"010802050102",0.200519,0,0,"MA",0,0,0,0,1,0,0,0
"581",7699026,"010802050201",1.58783,0,0,"CT",0,0,0,0,1,0,0,0
"582",7699028,"010802050201",1.089441,0,0,"CT",0,0,0,0,1,0,0,0
"583",7699030,"010802050105",2.907712,0.0197724416,0.68,"MA",0,0,0,0,1,4.885869181568,0,0
"584",7699032,"010802050102",0.071797,0,0,"MA",0,0,0,0,1,0,0,0
"585",7699034,"010802050201",0.717463,0,0,"CT",0,0,0,0,1,0,0,0
"586",7699036,"010802050201",1.219955,0,0,"CT",0,0,0,0,1,0,0,0
"587",7699038,"010802050103",0.217111,0.0571870374,26.34,"MA",0,0,0,0,1,14.131202876727,0,0
"588",7699040,"010802050102",2.869562,0.1150694362,4.01,"CT",0,0,0,0,1,28.434233032201,0,0
"589",7699042,"010802050103",0.171053,0.0927278313,54.21,"CT",0,0,0,0,1,22.9135107533865,0,0
"590",7699046,"010802050104",0.141902,0,0,"CT",0,0,0,0,1,0,0,0
"591",7699050,"010802050102",1.531835,0,0,"MA",0,0,0,0,1,0,0,0
"592",7699052,"010802050103",0.120851,0,0,"MA",1,0,0,0,0,0,0,0
"593",7699056,"010802050103",0.011412,0.0026338896,23.08,"MA",1,0.650847289608,0,0,0,0,0,0
"594",7699058,"010802050103",0.018673,0,0,"MA",1,0,0,0,0,0,0,0
"595",7699068,"010802050102",1.60761,0.156902736,9.76,"MA",0,0,0,0,1,38.77145057928,0,0
"596",7699912,"010802050201",0.010831,0,0,"CT",0,0,0,0,1,0,0,0
"597",7699914,"010802050201",0.040586,0,0,"CT",0,0,0,0,1,0,0,0
"598",7699920,"010802050201",0.183039,0.0385846212,21.08,"CT",0,0,0,0,1,9.534452821626,0,0
"599",7699924,"010802050103",0.182236,0.126016194,69.15,"CT",0,0,0,0,1,31.13923161837,0,0
"600",7699926,"010802050201",3.763809,0.0259702821,0.69,"CT",0,0,0,0,1,6.4173865583205,0,0
"601",7699930,"010802050103",0.860089,0.1069090627,12.43,"CT",1,26.4177639384835,0,0,0,0,0,0
"602",7699932,"010802050103",0.402678,0.10268289,25.5,"CT",1,25.37345553345,0,0,0,0,0,0
"603",7699934,"010802050104",0.143495,0,0,"CT",0,0,0,0,1,0,0,0
"604",7699936,"010802050104",2.911428,0.4693221936,16.12,"CT",0,0,0,0,1,115.971860649528,0,0
"605",7699938,"010802050104",3.317979,0.461199081,13.9,"CT",0,0,0,0,1,113.964598910505,0,0
"606",7699940,"010802050201",0.100421,0.0588065376,58.56,"CT",0,0,0,0,1,14.531389473648,0,0
"607",7699942,"010802050203",3.202795,0.4147619525,12.95,"CT",1,102.489752272513,0,0,0,0,0,0
"608",7699944,"010802050201",2.197789,0.1536254511,6.99,"CT",0,0,0,0,1,37.9616170940655,0,0
"609",7699946,"010802050103",4.250372,1.1416499192,26.86,"CT",0,0,0,0,1,282.107403283916,0,0
"610",7699952,"010802050203",3.577228,0,0,"CT",1,0,0,0,0,0,0,0
"611",7699954,"010802050203",3.106308,0.02329731,0.75,"CT",1,5.75688178755,0,0,0,0,0,0
"612",7699956,"010802050203",1.606448,0.2347020528,14.61,"CT",1,57.996050757144,0,0,0,0,0,0
"613",7699958,"010802050103",2.588313,0.4441545108,17.16,"CT",0,0,0,0,1,109.752800391234,0,0
"614",7699960,"010802050203",3.251752,0,0,"CT",1,0,0,0,0,0,0,0
"615",7699962,"010802050104",1.485704,0.093599352,6.3,"CT",0,0,0,0,1,23.12886787596,0,0
"616",7699964,"010802050103",10.428724,0.8249120684,7.91,"CT",1,203.839896661982,0,0,0,0,0,0
"617",7699966,"010802050203",4.574289,1.8873516414,41.26,"CT",1,466.374027348147,0,0,0,0,0,0
"618",7699968,"010802050104",0.676326,0.0143381112,2.12,"CT",0,0,0,0,1,3.543018968076,0,0
"619",7699970,"010802050104",3.482589,0.3573136314,10.26,"CT",0,0,0,0,1,88.293984887097,0,0
"620",7699972,"010802050104",7.723192,0.5151369064,6.67,"CT",0,0,0,0,1,127.292905255972,0,0
"621",7699974,"010802050103",11.544126,1.7223835992,14.92,"CT",1,425.609599280316,0,0,0,0,0,0
"622",7699976,"010802050104",2.013951,0.2438894661,12.11,"CT",0,0,0,0,1,60.2663065206405,0,0
"623",7699978,"010802050203",8.698855,2.432199858,27.96,"CT",1,601.00874591109,0,0,0,0,0,0
"624",7699980,"010802050203",12.573674,1.1706090494,9.31,"CT",1,289.263349151987,0,0,0,0,0,0
"625",7699982,"010802050203",6.464112,0.2915314512,4.51,"CT",1,72.038879248776,0,0,0,0,0,0
"626",7699984,"010802050401",3.252834,0,0,"CT",0,0,0,0,0,0,1,0
"627",7699986,"010802050104",1.989747,0.0107446338,0.54,"CT",0,0,0,0,1,2.655052735149,0,0
"628",7699988,"010802050202",1.365644,0,0,"CT",0,0,0,0,1,0,0,0
"629",7699990,"010802050105",12.106053,0.8050525245,6.65,"CT",0,0,0,0,1,198.932504066573,0,0
"630",7699992,"010802050104",5.133494,0.1134502174,2.21,"CT",0,0,0,0,1,28.034115970627,0,0
"631",7699994,"010802050105",5.36443,0.011801746,0.22,"CT",0,0,0,0,1,2.91627044533,0,0
"632",7699996,"010802050104",2.248848,0.02248848,1,"CT",0,0,0,0,1,5.5570158504,0,0
"633",7699998,"010802050202",6.497679,1.4717242935,22.65,"CT",0,0,0,0,1,363.670431545317,0,0
"634",7700000,"010802050202",1.109806,0.5481331834,49.39,"CT",0,0,0,0,1,135.446450284057,0,0
"635",7700002,"010802050202",6.849332,0.613015214,8.95,"CT",0,0,0,0,1,151.47912445547,0,0
"636",7700004,"010802050202",3.134636,0.57990766,18.5,"CT",0,0,0,0,1,143.2980823243,0,0
"637",7700006,"010802050202",3.909223,0.4855254966,12.42,"CT",0,0,0,0,1,119.975777837343,0,0
"638",7700008,"010802050105",2.657415,0,0,"CT",0,0,0,0,1,0,0,0
"639",7700010,"010802050202",3.527884,1.3804610092,39.13,"CT",0,0,0,0,1,341.118817678366,0,0
"640",7700012,"010802050202",7.236843,0.5340790134,7.38,"CT",0,0,0,0,1,131.973594606207,0,0
"641",7700014,"010802050202",5.718945,1.5263864205,26.69,"CT",0,0,0,0,1,377.177716437653,0,0
"642",7700020,"010802050203",1.382104,0.3585177776,25.94,"CT",1,88.591535433848,0,0,0,0,0,0
"643",7700022,"010802050203",2.177021,0.2451325646,11.26,"CT",1,60.573482375483,0,0,0,0,0,0
"644",7700024,"010802050105",9.131878,1.00450658,11,"CT",0,0,0,0,1,248.2185984509,0,0
"645",7700026,"010802050401",0.876767,0,0,"CT",0,0,0,0,0,0,1,0
"646",7700030,"010802050203",2.888837,0.274439515,9.5,"CT",1,67.815376354075,0,0,0,0,0,0
"647",7700032,"010802050203",5.630042,1.7560100998,31.19,"CT",1,433.918875711079,0,0,0,0,0,0
"648",7700036,"010802050203",11.432083,3.2375659056,28.32,"CT",1,800.018723103288,0,0,0,0,0,0
"649",7700038,"010802050401",1.181408,0,0,"CT",0,0,0,0,0,0,1,0
"650",7700040,"010802050203",1.177406,0.2361876436,20.06,"CT",1,58.363147671778,0,0,0,0,0,0
"651",7700042,"010802050203",1.579498,0.2429267924,15.38,"CT",1,60.028425036002,0,0,0,0,0,0
"652",7700044,"010802050402",1.728664,0,0,"CT",1,0,0,0,0,0,0,0
"653",7700046,"010802050203",0.650011,0.2208737378,33.98,"CT",1,54.579004979069,0,0,0,0,0,0
"654",7700048,"010802050203",4.245183,0.7102191159,16.73,"CT",1,175.49869463447,0,0,0,0,0,0
"655",7700050,"010802050302",5.630315,0.117110552,2.08,"CT",0,0,0,0,1,28.93860295196,0,0
"656",7700052,"010802050203",3.294917,0.0576610475,1.75,"CT",1,14.2483331424875,0,0,0,0,0,0
"657",7700054,"010802050302",2.516395,0.0827893955,3.29,"CT",0,0,0,0,1,20.4576735750275,0,0
"658",7700056,"010802050203",1.696913,0,0,"CT",1,0,0,0,0,0,0,0
"659",7700058,"010802050402",4.751398,0.04751398,1,"CT",1,11.7409420279,0,0,0,0,0,0
"660",7700060,"010802050401",6.644878,0.119607804,1.8,"CT",0,0,0,0,0,0,1,29.55568640742
"661",7700064,"010802050502",4.386747,0.0991404822,2.26,"CT",0,0,0,0,1,24.498108854031,0,0
"662",7700066,"010802050502",7.529291,1.7678775268,23.48,"CT",0,0,0,0,1,436.851376259914,0,0
"663",7700068,"010802050402",5.97339,0,0,"CT",1,0,0,0,0,0,0,0
"664",7700070,"010802050502",2.069312,0,0,"CT",0,0,0,0,1,0,0,0
"665",7700074,"010802050402",6.676009,0.046732063,0.7,"CT",1,11.547726427615,0,0,0,0,0,0
"666",7700076,"010802050402",1.277691,0,0,"CT",1,0,0,0,0,0,0,0
"667",7700078,"010802050402",0.435464,0,0,"CT",1,0,0,0,0,0,0,0
"668",7700080,"010802050402",4.240399,0,0,"CT",1,0,0,0,0,0,0,0
"669",7700082,"010802050402",5.105193,0.0035736351,0.07,"CT",1,0.8830631013855,0,0,0,0,0,0
"670",7700084,"010802050501",13.190894,0.5434648328,4.12,"CT",0,0,0,0,1,134.292877509044,0,0
"671",7700088,"010802050302",5.373514,0.0746918446,1.39,"CT",0,0,0,0,1,18.456728259883,0,0
"672",7700090,"010802050402",0.344761,0,0,"CT",1,0,0,0,0,0,0,0
"673",7700092,"010802050402",1.104043,0,0,"CT",1,0,0,0,0,0,0,0
"674",7700094,"010802050501",1.263486,0.3368453676,26.66,"CT",0,0,0,0,1,83.236174560798,0,0
"675",7700096,"010802050501",12.42718,0.25475719,2.05,"CT",0,0,0,0,1,62.95177543495,0,0
"676",7700098,"010802050302",14.17591,0.640751132,4.52,"CT",0,0,0,0,1,158.33280847286,0,0
"677",7700100,"010802050302",2.356596,0.0890793288,3.78,"CT",0,0,0,0,1,22.011947543124,0,0
"678",7700104,"010802050502",6.718067,0.0880066777,1.31,"CT",0,0,0,0,1,21.7468900930585,0,0
"679",7700106,"010802050402",1.371619,0,0,"CT",1,0,0,0,0,0,0,0
"680",7700108,"010802050501",1.084343,0.1071330884,9.88,"CT",0,0,0,0,1,26.473121809082,0,0
"681",7700110,"010802050302",2.381538,0.0423913764,1.78,"CT",0,0,0,0,1,10.475121065322,0,0
"682",7700112,"010802050501",0.803746,0.1510238734,18.79,"CT",0,0,0,0,1,37.318754236507,0,0
"683",7700114,"010802050501",7.573788,0.2203972308,2.91,"CT",0,0,0,0,1,54.461257716834,0,0
"684",7700116,"010802050302",1.70665,0.05666078,3.32,"CT",0,0,0,0,1,14.0011620419,0,0
"685",7700118,"010802050502",8.820829,0.1878836577,2.13,"CT",0,0,0,0,1,46.4269912359585,0,0
"686",7700122,"010802050402",0.466327,0,0,"CT",1,0,0,0,0,0,0,0
"687",7700124,"010802050402",3.706383,0,0,"CT",1,0,0,0,0,0,0,0
"688",7700126,"010802050501",4.20551,0,0,"CT",0,0,0,0,1,0,0,0
"689",7700128,"010802050302",10.732682,0,0,"CT",0,0,0,0,1,0,0,0
"690",7700130,"010802050501",4.57495,0,0,"CT",0,0,0,0,1,0,0,0
"691",7700132,"010802050302",3.086304,0.0070984992,0.23,"CT",0,0,0,0,1,1.754074644816,0,0
"692",7700134,"010802050402",4.343185,0,0,"CT",1,0,0,0,0,0,0,0
"693",7700136,"010802050501",4.368925,0,0,"CT",0,0,0,0,1,0,0,0
"694",7700138,"010802050402",7.048519,0,0,"CT",1,0,0,0,0,0,0,0
"695",7700140,"010802050502",2.399708,0.3438781564,14.33,"CT",0,0,0,0,1,84.974011837222,0,0
"696",7700148,"010802050402",1.916596,0,0,"CT",1,0,0,0,0,0,0,0
"697",7700150,"010802050402",3.961818,0,0,"CT",1,0,0,0,0,0,0,0
"698",7700152,"010802050402",2.78078,0,0,"CT",1,0,0,0,0,0,0,0
"699",7700154,"010802050402",2.314774,0,0,"CT",1,0,0,0,0,0,0,0
"700",7700158,"010802050402",0.758414,0,0,"CT",1,0,0,0,0,0,0,0
"701",7700160,"010802050402",1.255969,0,0,"CT",1,0,0,0,0,0,0,0
"702",7700162,"010802050402",2.43661,0,0,"CT",1,0,0,0,0,0,0,0
"703",7700164,"010802050402",2.556979,0.0703169225,2.75,"CT",1,17.3756631343625,0,0,0,0,0,0
"704",7700166,"010802050303",8.659727,0,0,"CT",1,0,0,0,0,0,0,0
"705",7700172,"010802050801",0.794826,0.0080277426,1.01,"CT",0,0,0,0,1,1.983695335173,0,0
"706",7700174,"010802050402",3.597342,0,0,"CT",1,0,0,0,0,0,0,0
"707",7700180,"010802050402",2.920347,0,0,"CT",1,0,0,0,0,0,0,0
"708",7700182,"010802050303",9.104318,0,0,"CT",1,0,0,0,0,0,0,0
"709",7700184,"010802050402",1.603356,0,0,"CT",1,0,0,0,0,0,0,0
"710",7700188,"010802050402",3.624751,0,0,"CT",1,0,0,0,0,0,0,0
"711",7700190,"010802050503",3.120688,0.0252775728,0.81,"CT",0,0,0,0,1,6.246214626744,0,0
"712",7700192,"010802050503",2.821932,0.0953813016,3.38,"CT",0,0,0,0,1,23.569196531868,0,0
"713",7700194,"010802050502",8.677757,0,0,"CT",0,0,0,0,1,0,0,0
"714",7700196,"010802050503",1.361772,0,0,"CT",0,0,0,0,1,0,0,0
"715",7700198,"010802050503",4.552635,0,0,"CT",0,0,0,0,1,0,0,0
"716",7700200,"010802050503",3.300732,0.0270660024,0.82,"CT",0,0,0,0,1,6.688144523052,0,0
"717",7700204,"010802050301",1.275762,0,0,"CT",1,0,0,0,0,0,0,0
"718",7700206,"010802050301",0.528958,0,0,"CT",1,0,0,0,0,0,0,0
"719",7700208,"010802050503",6.346204,0,0,"CT",0,0,0,0,1,0,0,0
"720",7700210,"010802050504",7.072273,0,0,"CT",0,0,0,0,1,0,0,0
"721",7700212,"010802050503",4.945516,0.0558843308,1.13,"CT",0,0,0,0,1,13.809297562334,0,0
"722",7700216,"010802050503",0.357345,0.068252895,19.1,"CT",0,0,0,0,1,16.865631618975,0,0
"723",7700218,"010802050503",12.190698,0.0073144188,0.06,"CT",0,0,0,0,1,1.807429457574,0,0
"724",7700220,"010802050303",2.394057,0,0,"CT",1,0,0,0,0,0,0,0
"725",7700224,"010802050503",5.07838,0.079222728,1.56,"CT",0,0,0,0,1,19.57633220244,0,0
"726",7700226,"010802050801",0.169311,0.0143406417,8.47,"CT",0,0,0,0,1,3.5436442672785,0,0
"727",7700228,"010802050303",1.635817,0,0,"CT",1,0,0,0,0,0,0,0
"728",7700232,"010802050801",1.418134,0.0107778184,0.76,"CT",0,0,0,0,1,2.663252815732,0,0
"729",7700234,"010802050303",4.52417,0,0,"CT",1,0,0,0,0,0,0,0
"730",7700236,"010802050505",5.31688,0,0,"CT",0,0,0,0,0,0,1,0
"731",7700238,"010802050801",0.896783,0,0,"CT",0,0,0,0,1,0,0,0
"732",7700240,"010802050801",0.133041,0,0,"CT",0,0,0,0,1,0,0,0
"733",7700242,"010802050505",1.529978,0.2276607264,14.88,"CT",0,0,0,0,0,0,1,56.256103797072
"734",7700244,"010802050505",2.022235,0,0,"CT",0,0,0,0,0,0,1,0
"735",7700246,"010802050505",2.377293,0.4264863642,17.94,"CT",0,0,0,0,0,0,1,105.386913025641
"736",7700248,"010802050505",0.903629,0,0,"CT",0,0,0,0,0,0,1,0
"737",7700250,"010802050801",1.533515,0.089250573,5.82,"CT",0,0,0,0,1,22.054262841165,0,0
"738",7700252,"010802050505",0.380906,0,0,"CT",0,0,0,0,0,0,1,0
"739",7700254,"010802050303",5.796307,0,0,"CT",1,0,0,0,0,0,0,0
"740",7700256,"010802050505",0.730092,0.1833991104,25.12,"CT",0,0,0,0,0,0,1,45.318837175392
"741",7700260,"010802050504",1.098402,0,0,"CT",0,0,0,0,1,0,0,0
"742",7700262,"010802050504",5.489239,0,0,"CT",0,0,0,0,1,0,0,0
"743",7700264,"010802050303",8.23895,0,0,"CT",1,0,0,0,0,0,0,0
"744",7700266,"010802050505",4.100758,0,0,"CT",0,0,0,0,0,0,1,0
"745",7700268,"010802050505",0.214253,0,0,"CT",0,0,0,0,0,0,1,0
"746",7700270,"010802050505",1.589591,0,0,"CT",0,0,0,0,0,0,1,0
"747",7700272,"010802050505",3.682641,0.0125209794,0.34,"CT",0,0,0,0,0,0,1,3.093996614637
"748",7700276,"010802050801",2.572762,0.1206625378,4.69,"CT",0,0,0,0,1,29.816316403069,0,0
"749",7700282,"010802050801",5.130707,0,0,"CT",0,0,0,0,1,0,0,0
"750",7700284,"010802050801",4.930505,0.171581574,3.48,"CT",0,0,0,0,1,42.39866484327,0,0
"751",7700288,"010802050303",8.286091,0,0,"CT",1,0,0,0,0,0,0,0
"752",7700290,"010802050303",6.533227,0,0,"CT",1,0,0,0,0,0,0,0
"753",7700292,"010802050801",0.816549,0,0,"CT",0,0,0,0,1,0,0,0
"754",7700294,"010802050504",3.447848,0,0,"CT",0,0,0,0,1,0,0,0
"755",7700296,"010802050805",0.555957,0,0,"CT",0,0,0,0,1,0,0,0
"756",7700300,"010802050505",4.789,0.100569,2.1,"CT",0,0,0,0,0,0,1,24.851102745
"757",7700302,"010802050504",3.410083,0,0,"CT",0,0,0,0,1,0,0,0
"758",7700304,"010802050504",14.819205,0.497925288,3.36,"CT",0,0,0,0,1,123.03982829124,0,0
"759",7700306,"010802050505",6.037998,0,0,"CT",0,0,0,0,0,0,1,0
"760",7700308,"010802050504",2.354976,0,0,"CT",0,0,0,0,1,0,0,0
"761",7700310,"010802050805",7.730074,0,0,"CT",0,0,0,0,1,0,0,0
"762",7700312,"010802050506",0.763283,0.0009159396,0.12,"CT",0,0,0,0,1,0.226333254858,0,0
"763",7700314,"010802050603",3.472615,0.067368731,1.94,"CT",1,16.647150273755,0,0,0,0,0,0
"764",7700316,"010802050801",1.148627,0,0,"CT",0,0,0,0,1,0,0,0
"765",7700318,"010802050802",3.092861,0,0,"CT",1,0,0,0,0,0,0,0
"766",7700320,"010802050506",5.931105,0.4513570905,7.61,"CT",0,0,0,0,1,111.532593848003,0,0
"767",7700322,"010802050603",3.198,0.065559,2.05,"CT",1,16.199956695,0,0,0,0,0,0
"768",7700324,"010802050603",6.185099,0.1379277077,2.23,"CT",1,34.0826262112085,0,0,0,0,0,0
"769",7700326,"010802050603",0.901449,0.004507245,0.5,"CT",1,1.113762775725,0,0,0,0,0,0
"770",7700328,"010802050801",12.283889,0.5712008385,4.65,"CT",0,0,0,0,1,141.146583197543,0,0
"771",7700332,"010802050603",0.528761,0.0978736611,18.51,"CT",1,24.1850710261155,0,0,0,0,0,0
"772",7700334,"010802050601",0.705235,0,0,"CT",1,0,0,0,0,0,0,0
"773",7700336,"010802050504",5.223443,0,0,"CT",0,0,0,0,1,0,0,0
"774",7700338,"010802050805",1.170281,0.0207139737,1.77,"CT",0,0,0,0,1,5.1185264711385,0,0
"775",7700340,"010802050506",7.950711,0,0,"CT",0,0,0,0,1,0,0,0
"776",7700342,"010802050802",4.364126,0,0,"CT",1,0,0,0,0,0,0,0
"777",7700346,"010802050601",4.503325,0,0,"CT",1,0,0,0,0,0,0,0
"778",7700348,"010802050601",0.176716,0.0027037548,1.53,"CT",1,0.668111329854,0,0,0,0,0,0
"779",7700350,"010802050805",6.709495,0,0,"CT",0,0,0,0,1,0,0,0
"780",7700354,"010802050801",8.396493,0.0478600101,0.57,"CT",0,0,0,0,1,11.8264477957605,0,0
"781",7700356,"010802050601",1.522279,0,0,"CT",1,0,0,0,0,0,0,0
"782",7700358,"010802050601",0.106759,0,0,"CT",1,0,0,0,0,0,0,0
"783",7700360,"010802050601",0.522334,0,0,"CT",1,0,0,0,0,0,0,0
"784",7700366,"010802050603",4.743242,0.0218189132,0.46,"CT",1,5.391562546286,0,0,0,0,0,0
"785",7700368,"010802050601",1.422242,0.0116623844,0.82,"CT",1,2.881833497162,0,0,0,0,0,0
"786",7700372,"010802050603",0.357052,0.0144963112,4.06,"CT",1,3.582110979076,0,0,0,0,0,0
"787",7700374,"010802050603",7.985756,0.6157017876,7.71,"CT",1,152.142990224898,0,0,0,0,0,0
"788",7700378,"010802050601",0.861964,0.0343061672,3.98,"CT",1,8.477225445956,0,0,0,0,0,0
"789",7700380,"010802050603",4.179438,0,0,"CT",1,0,0,0,0,0,0,0
"790",7700382,"010802050506",10.111557,0.2477331465,2.45,"CT",0,0,0,0,1,61.2160991658825,0,0
"791",7700386,"010802050802",2.447401,0,0,"CT",1,0,0,0,0,0,0,0
"792",7700388,"010802050805",0.628316,0,0,"CT",0,0,0,0,1,0,0,0
"793",7700390,"010802050803",0.101445,0,0,"CT",1,0,0,0,0,0,0,0
"794",7700392,"010802050603",8.499834,0.0730985724,0.86,"CT",1,18.063022732902,0,0,0,0,0,0
"795",7700394,"010802050802",2.398594,0,0,"CT",1,0,0,0,0,0,0,0
"796",7700396,"010802050601",1.093077,0.0269990019,2.47,"CT",0,0,0,0,1,6.6715883644995,0,0
"797",7700398,"010802050601",4.791538,0.0019166152,0.04,"CT",0,0,0,0,1,0.473605198996,0,0
"798",7700400,"010802050802",5.355382,0,0,"CT",1,0,0,0,0,0,0,0
"799",7700406,"010802050603",3.066717,0.021467019,0.7,"CT",1,5.304607729995,0,0,0,0,0,0
"800",7700408,"010802050805",4.49378,0,0,"CT",0,0,0,0,1,0,0,0
"801",7700410,"010802050702",1.309362,0,0,"CT",1,0,0,0,0,0,0,0
"802",7700414,"010802050802",4.880048,0,0,"CT",1,0,0,0,0,0,0,0
"803",7700416,"010802050603",3.080699,0.0748609857,2.43,"CT",1,18.4985238713985,0,0,0,0,0,0
"804",7700418,"010802050603",2.774625,0.0008323875,0.03,"CT",1,0.2056871131875,0,0,0,0,0,0
"805",7700420,"010802050803",3.218123,0,0,"CT",1,0,0,0,0,0,0,0
"806",7700422,"010802050601",2.182157,0,0,"CT",1,0,0,0,0,0,0,0
"807",7700424,"010802050603",1.566796,0.0136311252,0.87,"CT",1,3.368319192546,0,0,0,0,0,0
"808",7700426,"010802050803",0.093095,0,0,"CT",1,0,0,0,0,0,0,0
"809",7700428,"010802050803",0.875686,0,0,"CT",1,0,0,0,0,0,0,0
"810",7700430,"010802050603",3.280848,0.06561696,2,"CT",1,16.2142789008,0,0,0,0,0,0
"811",7700432,"010802050702",0.499362,0,0,"CT",1,0,0,0,0,0,0,0
"812",7700434,"010802050603",1.955591,0,0,"CT",1,0,0,0,0,0,0,0
"813",7700436,"010802050802",0.068535,0,0,"CT",1,0,0,0,0,0,0,0
"814",7700438,"010802050802",0.075096,0,0,"CT",1,0,0,0,0,0,0,0
"815",7700440,"010802050603",1.978697,0,0,"CT",1,0,0,0,0,0,0,0
"816",7700442,"010802050603",3.49771,0.034277558,0.98,"CT",1,8.47015596959,0,0,0,0,0,0
"817",7700446,"010802050805",0.489968,0,0,"CT",0,0,0,0,1,0,0,0
"818",7700448,"010802050603",2.179846,0,0,"CT",1,0,0,0,0,0,0,0
"819",7700452,"010802050802",0.0872,0,0,"CT",1,0,0,0,0,0,0,0
"820",7700454,"010802050802",0.141522,0,0,"CT",1,0,0,0,0,0,0,0
"821",7700456,"010802050802",5.401449,0,0,"CT",1,0,0,0,0,0,0,0
"822",7700460,"010802050805",5.524792,0,0,"CT",0,0,0,0,1,0,0,0
"823",7700464,"010802050702",4.631046,0,0,"CT",1,0,0,0,0,0,0,0
"824",7700466,"010802050603",3.108489,0.1072428705,3.45,"CT",1,26.5002495149025,0,0,0,0,0,0
"825",7700472,"010802050805",0.873709,0,0,"CT",0,0,0,0,1,0,0,0
"826",7700474,"010802050603",0.158768,0,0,"CT",1,0,0,0,0,0,0,0
"827",7700476,"010802050802",2.893416,0,0,"CT",1,0,0,0,0,0,0,0
"828",7700478,"010802050802",1.94474,0,0,"CT",1,0,0,0,0,0,0,0
"829",7700480,"010802050702",1.392108,0,0,"CT",1,0,0,0,0,0,0,0
"830",7700482,"010802050702",1.425642,0.0323620734,2.27,"CT",1,7.996830147507,0,0,0,0,0,0
"831",7700484,"010802050805",4.141947,0,0,"CT",0,0,0,0,1,0,0,0
"832",7700486,"010802050903",0.240474,0,0,"CT",0,0,0,0,0,0,1,0
"833",7700488,"010802050602",1.862021,0,0,"CT",1,0,0,0,0,0,0,0
"834",7700496,"010802050903",1.713712,0,0,"CT",0,0,0,0,0,0,1,0
"835",7700498,"010802050902",1.503795,0.0332338695,2.21,"CT",0,0,0,0,0,0,1,8.2122553227975
"836",7700502,"010802050805",3.146854,0.0450000122,1.43,"CT",0,0,0,0,1,11.119728014681,0,0
"837",7700504,"010802050804",0.897593,0,0,"CT",1,0,0,0,0,0,0,0
"838",7700510,"010802050803",11.103111,0,0,"CT",1,0,0,0,0,0,0,0
"839",7700512,"010802050805",2.420909,0,0,"CT",0,0,0,0,1,0,0,0
"840",7700516,"010802050702",6.624326,0.0457078494,0.69,"CT",1,11.294638125987,0,0,0,0,0,0
"841",7700518,"010802050602",5.355379,0.0888992914,1.66,"CT",1,21.967459401397,0,0,0,0,0,0
"842",7700522,"010802050602",0.268489,0.0017988763,0.67,"CT",0,0,0,0,1,0.4445113281115,0,0
"843",7700524,"010802050805",3.000724,0,0,"CT",0,0,0,0,1,0,0,0
"844",7700530,"010802050702",1.96527,0.006288864,0.32,"CT",0,0,0,0,1,1.55400973872,0,0
"845",7700532,"010802050602",4.232737,0.4203107841,9.93,"CT",1,103.86089630503,0,0,0,0,0,0
"846",7700534,"010802050804",6.902876,0.048320132,0.7,"CT",1,11.94014621786,0,0,0,0,0,0
"847",7700536,"010802050602",3.277279,0.2238381557,6.83,"CT",0,0,0,0,1,55.3115274642485,0,0
"848",7700538,"010802050602",0.074086,0,0,"CT",1,0,0,0,0,0,0,0
"849",7700540,"010802050902",3.686816,0.007373632,0.2,"CT",0,0,0,0,0,0,1,1.82206133536
"850",7700542,"010802050602",1.538739,0,0,"CT",1,0,0,0,0,0,0,0
"851",7700546,"010802050902",4.496418,0.0080935524,0.18,"CT",0,0,0,0,0,0,1,1.999957265802
"852",7700548,"010802050903",1.251017,0,0,"CT",0,0,0,0,0,0,1,0
"853",7700550,"010802050702",13.049771,0.2388108093,1.83,"CT",1,59.0113450320765,0,0,0,0,0,0
"854",7700552,"010802050903",5.843434,0.0362292908,0.62,"CT",0,0,0,0,0,0,1,8.952438903134
"855",7700554,"010802050903",1.920008,0,0,"CT",0,0,0,0,0,0,1,0
"856",7700556,"010802050804",3.612897,0.014451588,0.4,"CT",1,3.57105965274,0,0,0,0,0,0
"857",7700558,"010802050701",8.226049,0.0263233568,0.32,"CT",0,0,0,0,1,6.504633082064,0,0
"858",7700564,"010802050702",1.315827,0.0018421578,0.14,"CT",0,0,0,0,1,0.455206403169,0,0
"859",7700566,"010802050702",0.666152,0,0,"CT",1,0,0,0,0,0,0,0
"860",7700568,"010802050602",0.284511,0.0385796916,13.56,"CT",0,0,0,0,1,9.533234692818,0,0
"861",7700690,"010802050201",0.6904,0.40167472,58.18,"CT",0,0,0,0,1,99.2558316856,0,0
"862",7700692,"010802050105",1.443823,0.1693604379,11.73,"CT",0,0,0,0,1,41.8498110072795,0,0
"863",7700694,"010802050201",3.908954,1.0831711534,27.71,"CT",0,0,0,0,1,267.657007860907,0,0
"864",7700696,"010802050105",6.166934,0.3212972614,5.21,"CT",0,0,0,0,1,79.394159778247,0,0
"865",7700698,"010802050203",9.42612,1.513834872,16.06,"CT",1,374.07616604556,0,0,0,0,0,0
"866",7700700,"010802050104",4.96225,0,0,"CT",0,0,0,0,1,0,0,0
"867",7700702,"010802050203",12.707922,1.8655229496,14.68,"CT",1,460.980048460908,0,0,0,0,0,0
"868",7700704,"010802050104",4.238615,0.055949718,1.32,"CT",0,0,0,0,1,13.82545506639,0,0
"869",7700708,"010802050104",1.334781,0,0,"CT",0,0,0,0,1,0,0,0
"870",7700710,"010802050202",2.921985,0.874257912,29.92,"CT",0,0,0,0,1,216.03350134476,0,0
"871",7700712,"010802050401",3.484876,0.0233486692,0.67,"CT",0,0,0,0,0,0,1,5.769572902666
"872",7700714,"010802050104",6.227175,0.185569815,2.98,"CT",0,0,0,0,1,45.855229135575,0,0
"873",7700716,"010802050202",3.794037,0.9211921836,24.28,"CT",0,0,0,0,1,227.631194528478,0,0
"874",7700718,"010802050401",9.844755,0.0580840545,0.59,"CT",0,0,0,0,0,0,1,14.3528602872225
"875",7700720,"010802050202",3.729698,0.3222459072,8.64,"CT",0,0,0,0,1,79.628574898656,0,0
"876",7700726,"010802050401",11.852165,2.974893415,25.1,"CT",0,0,0,0,0,0,1,735.111037313575
"877",7700728,"010802050401",13.404297,0.0375320316,0.28,"CT",0,0,0,0,0,0,1,9.274352668518
"878",7700730,"010802050401",6.002777,0.6158849202,10.26,"CT",0,0,0,0,0,0,1,152.188243206021
"879",7700732,"010802050401",2.603291,0.2007137361,7.71,"CT",0,0,0,0,0,0,1,49.5973677589905
"880",7700734,"010802050401",4.940442,0,0,"CT",0,0,0,0,0,0,1,0
"881",7700736,"010802050502",2.04381,0.007153335,0.35,"CT",0,0,0,0,1,1.767624845175,0,0
"882",7700740,"010802050401",6.327939,0.1752839103,2.77,"CT",0,0,0,0,0,0,1,43.3135306546815
"883",7700742,"010802050302",4.477202,0.219382898,4.9,"CT",0,0,0,0,1,54.21061101029,0,0
"884",7700744,"010802050302",8.809876,0.057264194,0.65,"CT",0,0,0,0,1,14.15026865837,0,0
"885",7700746,"010802050402",2.940919,0,0,"CT",1,0,0,0,0,0,0,0
"886",7700748,"010802050301",7.301014,0,0,"CT",1,0,0,0,0,0,0,0
"887",7700750,"010802050402",3.689671,0,0,"CT",1,0,0,0,0,0,0,0
"888",7700754,"010802050801",7.715034,0.0493762176,0.64,"CT",0,0,0,0,1,12.201110250048,0,0
"889",7700756,"010802050402",0.328587,0,0,"CT",1,0,0,0,0,0,0,0
"890",7700758,"010802050402",2.593553,0,0,"CT",1,0,0,0,0,0,0,0
"891",7700760,"010802050503",2.063411,0,0,"CT",0,0,0,0,1,0,0,0
"892",7700764,"010802050503",0.641878,0,0,"CT",0,0,0,0,1,0,0,0
"893",7700766,"010802050303",13.556118,0,0,"CT",1,0,0,0,0,0,0,0
"894",7700768,"010802050303",18.363586,0.0348908134,0.19,"CT",1,8.621694445207,0,0,0,0,0,0
"895",7700770,"010802050301",15.212773,0,0,"CT",1,0,0,0,0,0,0,0
"896",7700772,"010802050504",10.226419,0.1564642107,1.53,"CT",0,0,0,0,1,38.6630887850235,0,0
"897",7700774,"010802050801",5.924467,0,0,"CT",0,0,0,0,1,0,0,0
"898",7700776,"010802050303",6.626526,0,0,"CT",1,0,0,0,0,0,0,0
"899",7700778,"010802050505",5.42696,0,0,"CT",0,0,0,0,0,0,1,0
"900",7700780,"010802050504",7.425064,0,0,"CT",0,0,0,0,1,0,0,0
"901",7700784,"010802050505",8.880592,1.3223201488,14.89,"CT",0,0,0,0,0,0,1,326.751920369224
"902",7700786,"010802050603",13.835731,0,0,"CT",1,0,0,0,0,0,0,0
"903",7700788,"010802050801",11.533095,0.4278778245,3.71,"CT",0,0,0,0,1,105.730749823073,0,0
"904",7700790,"010802050802",8.188739,0.016377478,0.2,"CT",1,4.04695670119,0,0,0,0,0,0
"905",7700792,"010802050801",4.71916,0,0,"CT",0,0,0,0,1,0,0,0
"906",7700796,"010802050601",27.831749,0.0918447717,0.33,"CT",1,22.6953023109285,0,0,0,0,0,0
"907",7700800,"010802050805",5.095998,0,0,"CT",0,0,0,0,1,0,0,0
"908",7700802,"010802050601",10.221706,0.0183990708,0.18,"CT",1,4.546502390034,0,0,0,0,0,0
"909",7700804,"010802050802",21.418093,0.3448312973,1.61,"CT",1,85.2095377193165,0,0,0,0,0,0
"910",7700808,"010802050506",9.539587,0.1688506899,1.77,"CT",0,0,0,0,1,41.7238497277395,0,0
"911",7700810,"010802050801",17.282305,0.024195227,0.14,"CT",0,0,0,0,1,5.978761567835,0,0
"912",7700812,"010802050506",7.294991,0.0408519496,0.56,"CT",0,0,0,0,1,10.094721005908,0,0
"913",7700814,"010802050601",1.710204,0,0,"CT",1,0,0,0,0,0,0,0
"914",7700816,"010802050801",0.389639,0.0125853397,3.23,"CT",0,0,0,0,1,3.1099003665685,0,0
"915",7700818,"010802050601",3.625668,0.0946299348,2.61,"CT",0,0,0,0,1,23.383530038754,0,0
"916",7700820,"010802050603",1.353603,0.0134006697,0.99,"CT",1,3.3113724862185,0,0,0,0,0,0
"917",7700822,"010802050603",2.514164,0,0,"CT",1,0,0,0,0,0,0,0
"918",7700824,"010802050603",2.882339,0.0126822916,0.44,"CT",1,3.133857665818,0,0,0,0,0,0
"919",7700826,"010802050802",4.521089,0,0,"CT",1,0,0,0,0,0,0,0
"920",7700828,"010802050802",14.584413,0,0,"CT",1,0,0,0,0,0,0,0
"921",7700830,"010802050601",1.206647,0.0153244169,1.27,"CT",0,0,0,0,1,3.7867400380745,0,0
"922",7700832,"010802050801",7.881741,0.0843346287,1.07,"CT",0,0,0,0,1,20.8395084249135,0,0
"923",7700838,"010802050802",1.548041,0,0,"CT",1,0,0,0,0,0,0,0
"924",7700840,"010802050805",7.694283,0,0,"CT",0,0,0,0,1,0,0,0
"925",7700844,"010802050702",0.789758,0,0,"CT",1,0,0,0,0,0,0,0
"926",7700846,"010802050801",7.765937,0,0,"CT",0,0,0,0,1,0,0,0
"927",7700848,"010802050702",1.584009,0,0,"CT",1,0,0,0,0,0,0,0
"928",7700850,"010802050802",1.959575,0,0,"CT",1,0,0,0,0,0,0,0
"929",7700852,"010802050802",3.887254,0,0,"CT",1,0,0,0,0,0,0,0
"930",7700854,"010802050805",0.66028,0,0,"CT",0,0,0,0,1,0,0,0
"931",7700856,"010802050602",5.441004,0,0,"CT",1,0,0,0,0,0,0,0
"932",7700858,"010802050803",5.757196,0,0,"CT",1,0,0,0,0,0,0,0
"933",7700862,"010802050702",3.061117,0,0,"CT",1,0,0,0,0,0,0,0
"934",7700864,"010802050803",7.785046,0.0365897162,0.47,"CT",1,9.041501821601,0,0,0,0,0,0
"935",7700866,"010802050804",1.897147,0,0,"CT",1,0,0,0,0,0,0,0
"936",7700868,"010802050602",2.451142,0.1487843194,6.07,"CT",1,36.765349245337,0,0,0,0,0,0
"937",7700870,"010802050602",0.350691,0.0679989849,19.39,"CT",1,16.8028891637145,0,0,0,0,0,0
"938",7700874,"010802050802",8.337237,0,0,"CT",1,0,0,0,0,0,0,0
"939",7700880,"010802050203",0.149064,0,0,"CT",1,0,0,0,0,0,0,0
"940",7700882,"010802050203",0.17622,0.001815066,1.03,"CT",1,0.44851188393,0,0,0,0,0,0
"941",7700884,"010802050203",0.1944,0,0,"CT",1,0,0,0,0,0,0,0
"942",7700886,"010802050203",0.936318,0.0631078332,6.74,"CT",1,15.594261122886,0,0,0,0,0,0
"943",7700892,"010802050105",0.204355,0,0,"CT",0,0,0,0,1,0,0,0
"944",7700902,"010802050104",0.188635,0,0,"CT",0,0,0,0,1,0,0,0
"945",7700904,"010802050104",0.411493,0.0143611057,3.49,"CT",0,0,0,0,1,3.5487010239985,0,0
"946",7700906,"010802050202",0.166991,0.043751642,26.2,"CT",0,0,0,0,1,10.81124949641,0,0
"947",7700910,"010802050105",10.840074,0.2200535022,2.03,"CT",0,0,0,0,1,54.376320661131,0,0
"948",7700912,"010802050202",0.761557,0.0126418462,1.66,"CT",0,0,0,0,1,3.123863405251,0,0
"949",7700914,"010802050104",0.364285,0.012531404,3.44,"CT",0,0,0,0,1,3.09657258542,0,0
"950",7700916,"010802050105",4.617004,0.027702024,0.6,"CT",0,0,0,0,1,6.84530864052,0,0
"951",7700920,"010802050401",9.767549,0.1933974702,1.98,"CT",0,0,0,0,0,0,1,47.789481873771
"952",7700922,"010802050203",2.157292,1.1582500748,53.69,"CT",1,286.209384733454,0,0,0,0,0,0
"953",7700924,"010802050105",0.815679,0.0180265059,2.21,"CT",0,0,0,0,1,4.4544397404195,0,0
"954",7700926,"010802050105",4.76091,0.270895779,5.69,"CT",0,0,0,0,1,66.939701469795,0,0
"955",7700928,"010802050402",0.740156,0,0,"CT",1,0,0,0,0,0,0,0
"956",7700930,"010802050203",0.246813,0.0251255634,10.18,"CT",1,6.208652343957,0,0,0,0,0,0
"957",7700934,"010802050502",11.808319,0.9186872182,7.78,"CT",0,0,0,0,1,227.012205053311,0,0
"958",7700936,"010802050402",0.456085,0,0,"CT",1,0,0,0,0,0,0,0
"959",7700938,"010802050402",0.654403,0,0,"CT",1,0,0,0,0,0,0,0
"960",7700946,"010802050502",1.914171,0.4515529389,23.59,"CT",0,0,0,0,1,111.580988966885,0,0
"961",7700948,"010802050502",0.052457,0.00262285,5,"CT",0,0,0,0,1,0.64811934925,0,0
"962",7700952,"010802050302",0.161953,0,0,"CT",0,0,0,0,1,0,0,0
"963",7700956,"010802050302",0.965981,0.1374590963,14.23,"CT",0,0,0,0,1,33.9668299912115,0,0
"964",7700964,"010802050402",0.78307,0,0,"CT",1,0,0,0,0,0,0,0
"965",7700970,"010802050402",0.630319,0,0,"CT",1,0,0,0,0,0,0,0
"966",7700974,"010802050402",0.110422,0,0,"CT",1,0,0,0,0,0,0,0
"967",7700976,"010802050502",0.924322,0.1329175036,14.38,"CT",0,0,0,0,1,32.844579727078,0,0
"968",7700980,"010802050402",0.178783,0,0,"CT",1,0,0,0,0,0,0,0
"969",7700984,"010802050502",0.322407,0.0018054792,0.56,"CT",0,0,0,0,1,0.446142937716,0,0
"970",7700986,"010802050502",0.049058,0.0008781382,1.79,"CT",0,0,0,0,1,0.216992339911,0,0
"971",7700990,"010802050801",1.566841,0.0506089643,3.23,"CT",0,0,0,0,1,12.5057281233515,0,0
"972",7700998,"010802050302",0.048126,0,0,"CT",0,0,0,0,1,0,0,0
"973",7701000,"010802050402",4.166987,0,0,"CT",1,0,0,0,0,0,0,0
"974",7701002,"010802050302",3.352014,0.0207824868,0.62,"CT",0,0,0,0,1,5.135456400714,0,0
"975",7701006,"010802050502",1.272983,0.0252050634,1.98,"CT",0,0,0,0,1,6.228297191457,0,0
"976",7701008,"010802050402",0.746131,0,0,"CT",1,0,0,0,0,0,0,0
"977",7701010,"010802050402",2.249054,0,0,"CT",1,0,0,0,0,0,0,0
"978",7701012,"010802050402",2.180448,0,0,"CT",1,0,0,0,0,0,0,0
"979",7701016,"010802050801",0.311848,0,0,"CT",0,0,0,0,1,0,0,0
"980",7701030,"010802050504",1.875779,0,0,"CT",0,0,0,0,1,0,0,0
"981",7701032,"010802050801",0.200135,0,0,"CT",0,0,0,0,1,0,0,0
"982",7701034,"010802050801",0.685102,0.0368584876,5.38,"CT",0,0,0,0,1,9.107916578398,0,0
"983",7701036,"010802050801",0.980118,0,0,"CT",0,0,0,0,1,0,0,0
"984",7701038,"010802050503",0.377981,0,0,"CT",0,0,0,0,1,0,0,0
"985",7701040,"010802050801",0.629709,0.0492432438,7.82,"CT",0,0,0,0,1,12.168251759199,0,0
"986",7701042,"010802050801",0.209341,0,0,"CT",0,0,0,0,1,0,0,0
"987",7701046,"010802050503",1.260437,0.0225618223,1.79,"CT",0,0,0,0,1,5.5751390994415,0,0
"988",7701050,"010802050503",0.664986,0.128674791,19.35,"CT",0,0,0,0,1,31.796184230055,0,0
"989",7701052,"010802050301",2.829747,0,0,"CT",1,0,0,0,0,0,0,0
"990",7701054,"010802050505",21.955727,0.0285424451,0.13,"CT",0,0,0,0,0,0,1,7.0529808964355
"991",7701060,"010802050504",0.882889,0,0,"CT",0,0,0,0,1,0,0,0
"992",7701062,"010802050505",0.723836,0,0,"CT",0,0,0,0,0,0,1,0
"993",7701064,"010802050505",1.42981,0.273379672,19.12,"CT",0,0,0,0,0,0,1,67.55348384956
"994",7701070,"010802050505",2.705766,1.0060037988,37.18,"CT",0,0,0,0,0,0,1,248.588568702474
"995",7701074,"010802050505",0.253436,0,0,"CT",0,0,0,0,0,0,1,0
"996",7701078,"010802050505",0.448103,0,0,"CT",0,0,0,0,0,0,1,0
"997",7701080,"010802050504",0.086657,0.0238740035,27.55,"CT",0,0,0,0,1,5.8993856348675,0,0
"998",7701084,"010802050303",0.034732,0,0,"CT",1,0,0,0,0,0,0,0
"999",7701090,"010802050505",2.430729,1.2476931957,51.33,"CT",0,0,0,0,0,0,1,308.311227123448
"1000",7701092,"010802050505",0.019579,0.001703373,8.7,"CT",0,0,0,0,0,0,1,0.420911985165
"1001",7701096,"010802050506",0.398387,0.0439819248,11.04,"CT",0,0,0,0,1,10.868153527704,0,0
"1002",7701098,"010802050506",11.566134,0.7483288698,6.47,"CT",0,0,0,0,1,184.915805371929,0,0
"1003",7701102,"010802050805",0.792959,0.0072159269,0.91,"CT",0,0,0,0,1,1.7830916166245,0,0
"1004",7701106,"010802050802",2.022659,0,0,"CT",1,0,0,0,0,0,0,0
"1005",7701112,"010802050506",5.162622,0.0893133606,1.73,"CT",0,0,0,0,1,22.069777971063,0,0
"1006",7701114,"010802050506",0.132658,0,0,"CT",0,0,0,0,1,0,0,0
"1007",7701116,"010802050506",2.139644,0,0,"CT",0,0,0,0,1,0,0,0
"1008",7701118,"010802050506",0.337401,0.0009109827,0.27,"CT",0,0,0,0,1,0.2251083800835,0,0
"1009",7701120,"010802050803",0.225012,0,0,"CT",1,0,0,0,0,0,0,0
"1010",7701124,"010802050506",0.6699,0.00087087,0.13,"CT",0,0,0,0,1,0.21519633135,0,0
"1011",7701126,"010802050506",1.299674,0.0358710024,2.76,"CT",0,0,0,0,1,8.863904048052,0,0
"1012",7701130,"010802050805",0.132214,0,0,"CT",0,0,0,0,1,0,0,0
"1013",7701132,"010802050802",0.096025,0,0,"CT",1,0,0,0,0,0,0,0
"1014",7701136,"010802050803",0.24173,0,0,"CT",1,0,0,0,0,0,0,0
"1015",7701142,"010802050601",0.14605,0,0,"CT",1,0,0,0,0,0,0,0
"1016",7701144,"010802050805",3.787966,0,0,"CT",0,0,0,0,1,0,0,0
"1017",7701146,"010802050702",1.435288,0,0,"CT",1,0,0,0,0,0,0,0
"1018",7701150,"010802050603",0.271025,0,0,"CT",1,0,0,0,0,0,0,0
"1019",7701152,"010802050601",1.051065,0,0,"CT",1,0,0,0,0,0,0,0
"1020",7701160,"010802050805",1.536566,0,0,"CT",0,0,0,0,1,0,0,0
"1021",7701162,"010802050601",0.435088,0,0,"CT",1,0,0,0,0,0,0,0
"1022",7701168,"010802050805",1.216284,0,0,"CT",0,0,0,0,1,0,0,0
"1023",7701170,"010802050702",0.033239,0,0,"CT",1,0,0,0,0,0,0,0
"1024",7701172,"010802050903",5.148367,0.0736216481,1.43,"CT",0,0,0,0,0,0,1,18.1922773537505
"1025",7701176,"010802050603",0.190516,0,0,"CT",1,0,0,0,0,0,0,0
"1026",7701178,"010802050506",11.222197,0.4803100316,4.28,"CT",0,0,0,0,1,118.687010358518,0,0
"1027",7701182,"010802050702",12.136457,0.0631095764,0.52,"CT",1,15.594691876322,0,0,0,0,0,0
"1028",7701184,"010802050902",0.381741,0,0,"CT",0,0,0,0,0,0,1,0
"1029",7701186,"010802050902",0.007511,0,0,"CT",0,0,0,0,0,0,1,0
"1030",7701190,"010802050702",1.181051,0,0,"CT",1,0,0,0,0,0,0,0
"1031",7701194,"010802050702",0.263478,0,0,"CT",1,0,0,0,0,0,0,0
"1032",7701200,"010802050804",0.236575,0,0,"CT",1,0,0,0,0,0,0,0
"1033",7701202,"010802050702",6.28499,0.048394423,0.77,"CT",0,0,0,0,1,11.958503895415,0,0
"1034",7701208,"010802050601",0.5004,0,0,"CT",1,0,0,0,0,0,0,0
"1035",7701210,"010802050603",0.113327,0,0,"CT",1,0,0,0,0,0,0,0
"1036",7701212,"010802050805",1.915562,0,0,"CT",0,0,0,0,1,0,0,0
"1037",7701216,"010802050804",0.441158,0,0,"CT",1,0,0,0,0,0,0,0
"1038",7701218,"010802050603",0.224259,0,0,"CT",1,0,0,0,0,0,0,0
"1039",7701220,"010802050702",0.069446,0,0,"CT",1,0,0,0,0,0,0,0
"1040",7701222,"010802050603",0.378361,0,0,"CT",1,0,0,0,0,0,0,0
"1041",7701224,"010802050702",4.825569,0,0,"CT",1,0,0,0,0,0,0,0
"1042",7701226,"010802050702",0.055127,0,0,"CT",1,0,0,0,0,0,0,0
"1043",7701228,"010802050702",0.750929,0,0,"CT",1,0,0,0,0,0,0,0
"1044",7701230,"010802050804",8.079438,0.1244233452,1.54,"CT",0,0,0,0,1,30.745630715646,0,0
"1045",7701236,"010802050804",7.245279,0.0601358157,0.83,"CT",1,14.8598607385485,0,0,0,0,0,0
"1046",7701240,"010802050804",1.058547,0.0531390594,5.02,"CT",0,0,0,0,1,13.130927273037,0,0
"1047",7701246,"010802050602",0.316802,0,0,"CT",1,0,0,0,0,0,0,0
"1048",7701248,"010802050805",2.566585,0,0,"CT",0,0,0,0,1,0,0,0
"1049",7701252,"010802050702",7.078602,0,0,"CT",1,0,0,0,0,0,0,0
"1050",7701258,"010802050701",0.373924,0,0,"CT",1,0,0,0,0,0,0,0
"1051",7701260,"010802050702",0.682847,0,0,"CT",1,0,0,0,0,0,0,0
"1052",7701262,"010802050602",0.427185,0,0,"CT",1,0,0,0,0,0,0,0
"1053",7701272,"010802050203",0.408281,0.0053893092,1.32,"CT",1,1.331725249866,0,0,0,0,0,0
"1054",7701308,"010802050702",0.836485,0,0,"CT",1,0,0,0,0,0,0,0
"1055",7701322,"010802050401",0.722611,0,0,"CT",0,0,0,0,0,0,1,0
"1056",7701324,"010802050302",0.063398,0,0,"CT",0,0,0,0,1,0,0,0
"1057",7701326,"010802050402",1.262348,0,0,"CT",1,0,0,0,0,0,0,0
"1058",7701328,"010802050402",1.825501,0,0,"CT",1,0,0,0,0,0,0,0
"1059",7701330,"010802050801",0.172137,0,0,"CT",0,0,0,0,1,0,0,0
"1060",7701332,"010802050503",1.746305,0,0,"CT",0,0,0,0,1,0,0,0
"1061",7701334,"010802050802",4.699046,0.2875816152,6.12,"CT",0,0,0,0,1,71.062855023996,0,0
"1062",7701336,"010802050802",0.364086,0.0448553952,12.32,"CT",0,0,0,0,1,11.083992430896,0,0
"1063",7701344,"010802050802",0.227407,0,0,"CT",1,0,0,0,0,0,0,0
"1064",7701350,"010802050506",0.210491,0,0,"CT",0,0,0,0,1,0,0,0
"1065",7701354,"010802050803",10.828033,0,0,"CT",1,0,0,0,0,0,0,0
"1066",7701356,"010802050805",0.538467,0,0,"CT",0,0,0,0,1,0,0,0
"1067",7701362,"010802050601",5.730491,0,0,"CT",1,0,0,0,0,0,0,0
"1068",7701364,"010802050903",5.209523,0,0,"CT",0,0,0,0,0,0,1,0
"1069",7701368,"010802050601",4.754125,0,0,"CT",1,0,0,0,0,0,0,0
"1070",7701370,"010802050702",0.972227,0,0,"CT",1,0,0,0,0,0,0,0
"1071",7701374,"010802050602",2.636837,0.0772593241,2.93,"CT",1,19.0911652817305,0,0,0,0,0,0
"1072",7701376,"010802050602",5.432377,0.0602993847,1.11,"CT",0,0,0,0,1,14.9002794562935,0,0
"1073",7701384,"010802050105",8.769369,0.0868167531,0.99,"CT",0,0,0,0,1,21.4528537747755,0,0
"1074",7701386,"010802050702",2.461419,0,0,"CT",1,0,0,0,0,0,0,0
"1075",7701398,"010802050103",0.022593,0.0209798598,92.86,"CT",0,0,0,0,1,5.184228255879,0,0
"1076",7701404,"010802050303",12.601183,0,0,"CT",1,0,0,0,0,0,0,0
"1077",7701414,"010802050603",3.507001,0,0,"CT",1,0,0,0,0,0,0,0
"1078",7701420,"010802050702",1.705271,0.0269432818,1.58,"CT",0,0,0,0,1,6.657819649189,0,0
"1079",7701422,"010802050902",3.267131,0,0,"CT",0,0,0,0,0,0,1,0
"1080",7701428,"010802050701",0.409616,0,0,"CT",1,0,0,0,0,0,0,0
"1081",7701430,"010802050603",1.154578,0.0009236624,0.08,"CT",1,0.228241597352,0,0,0,0,0,0
"1082",7701448,"010802050601",1.117004,0,0,"CT",1,0,0,0,0,0,0,0
"1083",7701452,"010802050802",5.14336,0.097209504,1.89,"CT",1,24.02095448592,0,0,0,0,0,0
"1084",7701454,"010802050603",2.440035,0.0217163115,0.89,"CT",1,5.3662091532075,0,0,0,0,0,0
"1085",7701458,"010802050203",0.273052,0.0515249124,18.87,"CT",1,12.732063478602,0,0,0,0,0,0
"1086",7701460,"010802050804",0.431284,0,0,"CT",1,0,0,0,0,0,0,0
"1087",7701462,"010802050804",0.041744,0,0,"CT",1,0,0,0,0,0,0,0
"1088",7701966,"010802050903",0.942393,0,0,"CT",0,0,0,0,0,0,1,0
"1089",7701968,"010802050902",3.072243,0,0,"CT",0,0,0,0,0,0,1,0
"1090",7701972,"010802050902",0.353495,0,0,"CT",0,0,0,0,0,0,1,0
"1091",7701974,"010802050804",0.608253,0,0,"CT",1,0,0,0,0,0,0,0
"1092",7701978,"010802050701",0.247025,0,0,"CT",1,0,0,0,0,0,0,0
"1093",7701980,"010802050701",0.11566,0,0,"CT",1,0,0,0,0,0,0,0
"1094",7701982,"010802050903",2.522298,0,0,"CT",0,0,0,0,0,0,1,0
"1095",7701984,"010802050804",0.111042,0,0,"CT",1,0,0,0,0,0,0,0
"1096",7701992,"010802050903",1.517935,0,0,"CT",0,0,0,0,0,0,1,0
"1097",7701996,"010802050804",2.558725,0,0,"CT",1,0,0,0,0,0,0,0
"1098",7701998,"010802050701",1.449126,0.0324604224,2.24,"CT",0,0,0,0,1,8.021132677152,0,0
"1099",7702000,"010802050701",1.259977,0,0,"CT",1,0,0,0,0,0,0,0
"1100",7702004,"010802050804",0.051724,0,0,"CT",1,0,0,0,0,0,0,0
"1101",7702006,"010802050701",0.468098,0,0,"CT",1,0,0,0,0,0,0,0
"1102",7702008,"010802050602",1.620005,0.2658428205,16.41,"CT",0,0,0,0,1,65.6910901596525,0,0
"1103",7702010,"010802050805",0.893649,0,0,"CT",0,0,0,0,1,0,0,0
"1104",7702012,"010802050804",1.138175,0,0,"CT",1,0,0,0,0,0,0,0
"1105",7702016,"010802050602",0.747498,0.0035879904,0.48,"CT",0,0,0,0,1,0.886610367792,0,0
"1106",7702020,"010802050701",0.509859,0.0027022527,0.53,"CT",1,0.6677401534335,0,0,0,0,0,0
"1107",7702022,"010802050701",1.603457,0.0062534823,0.39,"CT",1,1.5452667437415,0,0,0,0,0,0
"1108",7702024,"010802050903",2.017797,0,0,"CT",0,0,0,0,0,0,1,0
"1109",7702026,"010802050702",0.948945,0,0,"CT",1,0,0,0,0,0,0,0
"1110",7702028,"010802050804",2.136209,0,0,"CT",1,0,0,0,0,0,0,0
"1111",7702030,"010802050701",0.28716,0,0,"CT",1,0,0,0,0,0,0,0
"1112",7702034,"010802050903",1.631158,0,0,"CT",0,0,0,0,0,0,1,0
"1113",7702036,"010802050701",2.359434,0,0,"CT",1,0,0,0,0,0,0,0
"1114",7702038,"010802050805",1.519032,0,0,"CT",0,0,0,0,1,0,0,0
"1115",7702040,"010802050805",0.240153,0,0,"CT",0,0,0,0,1,0,0,0
"1116",7702042,"010802050903",2.484081,0,0,"CT",0,0,0,0,0,0,1,0
"1117",7702044,"010802050903",1.683574,0,0,"CT",0,0,0,0,0,0,1,0
"1118",7702046,"010802050902",3.906295,0.053906871,1.38,"CT",0,0,0,0,0,0,1,13.320657358455
"1119",7702048,"010802050701",0.539083,0.0090565944,1.68,"CT",0,0,0,0,1,2.237929759212,0,0
"1120",7702050,"010802050701",1.229682,0.0296353362,2.41,"CT",0,0,0,0,1,7.323039751701,0,0
"1121",7702052,"010802050702",1.861667,0,0,"CT",1,0,0,0,0,0,0,0
"1122",7702054,"010802050902",1.541337,0.069360165,4.5,"CT",0,0,0,0,0,0,1,17.139243572325
"1123",7702056,"010802050902",2.252521,0.0432484032,1.92,"CT",0,0,0,0,0,0,1,10.686896672736
"1124",7702058,"010802050602",1.558126,0.07011567,4.5,"CT",0,0,0,0,1,17.32593263535,0,0
"1125",7702060,"010802050702",1.77529,0,0,"CT",1,0,0,0,0,0,0,0
"1126",7702062,"010802050602",0.136313,0.0017993316,1.32,"CT",0,0,0,0,1,0.444623835018,0,0
"1127",7702064,"010802050701",0.625351,0,0,"CT",1,0,0,0,0,0,0,0
"1128",7702066,"010802050804",1.780661,0,0,"CT",1,0,0,0,0,0,0,0
"1129",7702068,"010802050901",2.6643,0,0,"CT",0,0,0,0,0,0,1,0
"1130",7702070,"010802050602",0.583976,0.0018103256,0.31,"CT",0,0,0,0,1,0.447340507388,0,0
"1131",7702072,"010802050602",4.678187,0.0523956944,1.12,"CT",0,0,0,0,1,12.947238064712,0,0
"1132",7702074,"010802050901",0.837444,0,0,"CT",0,0,0,0,0,0,1,0
"1133",7702076,"010802050702",3.291766,0,0,"CT",1,0,0,0,0,0,0,0
"1134",7702078,"010802050701",1.123821,0,0,"CT",1,0,0,0,0,0,0,0
"1135",7702080,"010802050602",0.111033,0,0,"CT",1,0,0,0,0,0,0,0
"1136",7702082,"010802050903",1.308867,0,0,"CT",0,0,0,0,0,0,1,0
"1137",7702084,"010802050903",1.784423,0,0,"CT",0,0,0,0,0,0,1,0
"1138",7702086,"010802050602",0.969741,0.1114232409,11.49,"CT",1,27.5332399425945,0,0,0,0,0,0
"1139",7702088,"010802050602",0.684551,0.2285031238,33.38,"CT",0,0,0,0,1,56.464264406599,0,0
"1140",7702090,"010802050602",4.243111,0.1260203967,2.97,"CT",0,0,0,0,1,31.1402701265535,0,0
"1141",7702092,"010802050701",0.316347,0,0,"CT",1,0,0,0,0,0,0,0
"1142",7702094,"010802050701",2.130184,0,0,"CT",1,0,0,0,0,0,0,0
"1143",7702096,"010802050902",3.190846,0.0395664904,1.24,"CT",0,0,0,0,0,0,1,9.777077610292
"1144",7702102,"010802050902",0.035513,0.000887825,2.5,"CT",0,0,0,0,0,0,1,0.219385996625
"1145",7702104,"010802050902",6.683563,0.0474532973,0.71,"CT",0,0,0,0,0,0,1,11.7259470293165
"1146",7702106,"010802050901",0.844155,0,0,"CT",0,0,0,0,0,0,1,0
"1147",7702108,"010802050901",0.591453,0,0,"CT",0,0,0,0,0,0,1,0
"1148",7702110,"010802050701",2.848288,0,0,"CT",1,0,0,0,0,0,0,0
"1149",7702112,"010802050701",1.057285,0,0,"CT",1,0,0,0,0,0,0,0
"1150",7702114,"010802050702",0.804748,0,0,"CT",1,0,0,0,0,0,0,0
"1151",7702116,"010802050602",1.521862,0,0,"CT",1,0,0,0,0,0,0,0
"1152",7702118,"010802050701",0.027638,0,0,"CT",1,0,0,0,0,0,0,0
"1153",7702122,"010802050903",3.360157,0,0,"CT",0,0,0,0,0,0,1,0
"1154",7702126,"010802050602",0.902568,0.0458504544,5.08,"CT",0,0,0,0,1,11.329876534512,0,0
"1155",7702128,"010802050702",2.176452,0,0,"CT",1,0,0,0,0,0,0,0
"1156",7702130,"010802050702",3.077968,0,0,"CT",1,0,0,0,0,0,0,0
"1157",7702132,"010802050602",2.188383,0.0954134988,4.36,"CT",1,23.577152620974,0,0,0,0,0,0
"1158",7702136,"010802050602",1.554947,0,0,"CT",1,0,0,0,0,0,0,0
"1159",7702140,"010802050602",1.407263,0.0090064832,0.64,"CT",1,2.225547031136,0,0,0,0,0,0
"1160",7702144,"010802050902",1.036685,0,0,"CT",0,0,0,0,0,0,1,0
"1161",7702146,"010802050902",2.287268,0.0070905308,0.31,"CT",0,0,0,0,0,0,1,1.752105613334
"1162",7702148,"010802050902",0.050612,0,0,"CT",0,0,0,0,0,0,1,0
"1163",7702150,"010802050701",1.656535,0,0,"CT",1,0,0,0,0,0,0,0
"1164",7702154,"010802050701",1.501314,0,0,"CT",1,0,0,0,0,0,0,0
"1165",7702156,"010802050903",1.149451,0,0,"CT",0,0,0,0,0,0,1,0
"1166",7702158,"010802050903",2.6746,0,0,"CT",0,0,0,0,0,0,1,0
"1167",7702160,"010802050701",2.435234,0,0,"CT",1,0,0,0,0,0,0,0
"1168",7702162,"010802050701",0.009584,0,0,"CT",1,0,0,0,0,0,0,0
"1169",7702164,"010802050701",1.487808,0,0,"CT",1,0,0,0,0,0,0,0
"1170",7702166,"010802050701",1.196561,0,0,"CT",1,0,0,0,0,0,0,0
"1171",7702168,"010802050901",2.569274,0,0,"CT",0,0,0,0,0,0,1,0
"1172",7702170,"010802050702",1.831566,0,0,"CT",1,0,0,0,0,0,0,0
"1173",7702172,"010802050602",1.872306,0,0,"CT",1,0,0,0,0,0,0,0
"1174",7702174,"010802050903",1.727192,0,0,"CT",0,0,0,0,0,0,1,0
"1175",7702176,"010802050903",1.775935,0,0,"CT",0,0,0,0,0,0,1,0
"1176",7702178,"010802050901",1.833672,0,0,"CT",0,0,0,0,0,0,1,0
"1177",7702180,"010802050901",3.395277,0.0098463033,0.29,"CT",0,0,0,0,0,0,1,2.4330707769465
"1178",7702182,"010802050701",0.735739,0,0,"CT",1,0,0,0,0,0,0,0
"1179",7702184,"010802050903",0.487235,0,0,"CT",0,0,0,0,0,0,1,0
"1180",7702186,"010802050903",0.758128,0,0,"CT",0,0,0,0,0,0,1,0
"1181",7702190,"010802050701",1.149784,0,0,"CT",1,0,0,0,0,0,0,0
"1182",7702192,"010802050903",0.98877,0,0,"CT",0,0,0,0,0,0,1,0
"1183",7702194,"010802050901",0.942307,0,0,"CT",0,0,0,0,0,0,1,0
"1184",7702198,"010802050701",3.054949,0,0,"CT",1,0,0,0,0,0,0,0
"1185",7702200,"010802050901",1.055136,0,0,"CT",0,0,0,0,0,0,1,0
"1186",7702204,"010802050901",1.167283,0,0,"CT",0,0,0,0,0,0,1,0
"1187",7702206,"010802050702",4.400146,0,0,"CT",1,0,0,0,0,0,0,0
"1188",7702208,"010802050901",1.582391,0,0,"CT",0,0,0,0,0,0,1,0
"1189",7702210,"010802050901",1.419597,0,0,"CT",0,0,0,0,0,0,1,0
"1190",7702212,"010802050902",2.565936,0,0,"CT",0,0,0,0,0,0,1,0
"1191",7702214,"010802050701",2.443211,0,0,"CT",1,0,0,0,0,0,0,0
"1192",7702216,"010802050902",0.990558,0.0017830044,0.18,"CT",0,0,0,0,0,0,1,0.440589302262
"1193",7702218,"010802050902",2.995872,0.004493808,0.15,"CT",0,0,0,0,0,0,1,1.11044242584
"1194",7702220,"010802050902",0.017938,0.0008538488,4.76,"CT",0,0,0,0,0,0,1,0.210990307724
"1195",7702222,"010802050602",2.854248,0,0,"CT",1,0,0,0,0,0,0,0
"1196",7702224,"010802050702",5.924439,0,0,"CT",1,0,0,0,0,0,0,0
"1197",7702226,"010802050901",0.418989,0,0,"CT",0,0,0,0,0,0,1,0
"1198",7702228,"010802050903",4.500935,0.034207106,0.76,"CT",0,0,0,0,0,0,1,8.45274692813
"1199",7702230,"010802050903",0.068847,0,0,"CT",0,0,0,0,0,0,1,0
"1200",7702232,"010802050901",0.850825,0,0,"CT",0,0,0,0,0,0,1,0
"1201",7702234,"010802050903",0.066988,0.0217510036,32.47,"CT",0,0,0,0,0,0,1,5.374781744578
"1202",7702238,"010802050901",1.261374,0,0,"CT",0,0,0,0,0,0,1,0
"1203",7702240,"010802050902",2.702421,0,0,"CT",0,0,0,0,0,0,1,0
"1204",7702244,"010802050901",2.412517,0,0,"CT",0,0,0,0,0,0,1,0
"1205",7702246,"010802050901",1.269866,0,0,"CT",0,0,0,0,0,0,1,0
"1206",7702250,"010802050901",3.063862,0,0,"CT",0,0,0,0,0,0,1,0
"1207",7702252,"010802050901",0.815336,0,0,"CT",0,0,0,0,0,0,1,0
"1208",7702256,"010802050901",0.72989,0,0,"CT",0,0,0,0,0,0,1,0
"1209",7702266,"010802050901",4.039379,0,0,"CT",0,0,0,0,0,0,1,0
"1210",7702268,"010802050602",1.297775,0.01349686,1.04,"CT",1,3.3351415903,0,0,0,0,0,0
"1211",7702274,"010802050901",0.76316,0,0,"CT",0,0,0,0,0,0,1,0
"1212",7702276,"010802050602",2.796757,0.0089496224,0.32,"CT",1,2.211496443152,0,0,0,0,0,0
"1213",7702278,"010802050903",2.08341,0.000833364,0.04,"CT",0,0,0,0,0,0,1,0.20592841122
"1214",7702282,"010802050901",0.161076,0,0,"CT",0,0,0,0,0,0,1,0
"1215",7702284,"010802050901",1.449848,0,0,"CT",0,0,0,0,0,0,1,0
"1216",7702288,"010802050901",0.945135,0,0,"CT",0,0,0,0,0,0,1,0
"1217",7702290,"010802050903",0.57744,0,0,"CT",0,0,0,0,0,0,1,0
"1218",7702292,"010802050903",0.119307,0,0,"CT",0,0,0,0,0,0,1,0
"1219",7702296,"010802050602",1.980141,0.0116828319,0.59,"CT",0,0,0,0,1,2.8868861766495,0,0
"1220",7702298,"010802050901",0.858649,0,0,"CT",0,0,0,0,0,0,1,0
"1221",7702300,"010802050901",0.871458,0,0,"CT",0,0,0,0,0,0,1,0
"1222",7702302,"010802050903",2.710423,0.010841692,0.4,"CT",0,0,0,0,0,0,1,2.67903630166
"1223",7702304,"010802050903",0.847399,0,0,"CT",0,0,0,0,0,0,1,0
"1224",7702306,"010802050901",0.504578,0,0,"CT",0,0,0,0,0,0,1,0
"1225",7702308,"010802050901",2.125962,0,0,"CT",0,0,0,0,0,0,1,0
"1226",7702310,"010802050901",6.951779,0,0,"CT",0,0,0,0,0,0,1,0
"1227",7702312,"010802050602",3.276577,0.0530805474,1.62,"CT",0,0,0,0,1,13.116468665277,0,0
"1228",7702314,"010802050905",3.641068,0,0,"CT",0,0,0,0,0,0,1,0
"1229",7702316,"010802050901",0.976016,0,0,"CT",0,0,0,0,0,0,1,0
"1230",7702318,"010802050905",0.269658,0,0,"CT",0,0,0,0,0,0,1,0
"1231",7702322,"010802050903",2.960621,0,0,"CT",0,0,0,0,0,0,1,0
"1232",7702324,"010802050905",0.543378,0,0,"CT",0,0,0,0,0,0,1,0
"1233",7702326,"010802050901",2.532332,0,0,"CT",0,0,0,0,0,0,1,0
"1234",7702332,"010802050903",2.218753,0,0,"CT",0,0,0,0,0,0,1,0
"1235",7702334,"010802050903",0.952463,0.0351458847,3.69,"CT",0,0,0,0,0,0,1,8.6847238387935
"1236",7702340,"010802050901",2.672518,0,0,"CT",0,0,0,0,0,0,1,0
"1237",7702342,"010802050901",2.217991,0,0,"CT",0,0,0,0,0,0,1,0
"1238",7702348,"010802050901",1.000261,0,0,"CT",0,0,0,0,0,0,1,0
"1239",7702352,"010802050905",2.25492,0,0,"CT",0,0,0,0,0,0,1,0
"1240",7702354,"010802050901",0.36917,0,0,"CT",0,0,0,0,0,0,1,0
"1241",7702356,"010802050901",1.843404,0,0,"CT",0,0,0,0,0,0,1,0
"1242",7702358,"010802050901",1.938315,0,0,"CT",0,0,0,0,0,0,1,0
"1243",7702360,"010802050901",0.130943,0,0,"CT",0,0,0,0,0,0,1,0
"1244",7702366,"010802050905",2.585662,0,0,"CT",0,0,0,0,0,0,1,0
"1245",7702374,"010802050904",0.931367,0,0,"CT",0,0,0,0,0,0,1,0
"1246",7702380,"010802050904",5.130562,0,0,"CT",0,0,0,0,0,0,1,0
"1247",7702382,"010802050905",0.545571,0,0,"CT",0,0,0,0,0,0,1,0
"1248",7702388,"010802050905",0.226526,0,0,"CT",0,0,0,0,0,0,1,0
"1249",7702390,"010802050905",1.79618,0,0,"CT",0,0,0,0,0,0,1,0
"1250",7702392,"010802050904",1.160143,0,0,"CT",0,0,0,0,0,0,1,0
"1251",7702394,"010802050904",0.681145,0,0,"CT",0,0,0,0,0,0,1,0
"1252",7702396,"010802050904",2.285608,0.0070853848,0.31,"CT",0,0,0,0,0,0,1,1.750834011004
"1253",7702398,"010802050904",2.057785,0,0,"CT",0,0,0,0,0,0,1,0
"1254",7702402,"010802050904",0.134964,0,0,"CT",0,0,0,0,0,0,1,0
"1255",7702406,"010802050905",0.477298,0,0,"CT",0,0,0,0,0,0,1,0
"1256",7702408,"010802050905",0.423533,0,0,"CT",0,0,0,0,0,0,1,0
"1257",7702410,"010802050904",1.258115,0,0,"CT",0,0,0,0,0,0,1,0
"1258",7702412,"010802050904",1.747669,0.0045439394,0.26,"CT",0,0,0,0,0,0,1,1.122830145437
"1259",7702414,"010802050904",1.489158,0,0,"CT",0,0,0,0,0,0,1,0
"1260",7702416,"010802050905",2.158888,0,0,"CT",0,0,0,0,0,0,1,0
"1261",7702420,"010802050904",0.24209,0,0,"CT",0,0,0,0,0,0,1,0
"1262",7702422,"010802050904",0.989885,0,0,"CT",0,0,0,0,0,0,1,0
"1263",7702424,"010802050905",0.553035,0,0,"CT",0,0,0,0,0,0,1,0
"1264",7702428,"010802050905",1.612031,0,0,"CT",0,0,0,0,0,0,1,0
"1265",7702432,"010802050905",0.099268,0,0,"CT",0,0,0,0,0,0,1,0
"1266",7702438,"010802050905",1.463099,0,0,"CT",0,0,0,0,0,0,1,0
"1267",7702584,"010802050902",1.864426,0,0,"CT",0,0,0,0,0,0,1,0
"1268",7702586,"010802050602",3.514068,0.072038394,2.05,"CT",1,17.80104734937,0,0,0,0,0,0
"1269",7702590,"010802050602",3.736555,0.1685186305,4.51,"CT",1,41.6417961897025,0,0,0,0,0,0
"1270",7702594,"010802050602",2.273074,0.2054858896,9.04,"CT",1,50.776590749608,0,0,0,0,0,0
"1271",7702596,"010802050702",0.635884,0,0,"CT",1,0,0,0,0,0,0,0
"1272",7702598,"010802050901",4.958138,0,0,"CT",0,0,0,0,0,0,1,0
"1273",7702600,"010802050602",9.967726,0.1465255722,1.47,"CT",0,0,0,0,1,36.207201518481,0,0
"1274",7702602,"010802050602",3.5538,0.01172754,0.33,"CT",0,0,0,0,1,2.8979337717,0,0
"1275",7702604,"010802050901",2.197855,0,0,"CT",0,0,0,0,0,0,1,0
"1276",7702606,"010802050901",1.122172,0.0612705912,5.46,"CT",0,0,0,0,0,0,1,15.140269438476
"1277",7702608,"010802050901",2.901839,0.0046429424,0.16,"CT",0,0,0,0,0,0,1,1.147294281752
"1278",7702610,"010802050602",5.812317,0.0900909135,1.55,"CT",0,0,0,0,1,22.2619151804175,0,0
"1279",7702612,"010802050903",1.274223,0,0,"CT",0,0,0,0,0,0,1,0
"1280",7702614,"010802050901",1.569923,0,0,"CT",0,0,0,0,0,0,1,0
"1281",7702618,"010802050903",1.943853,0.0180778329,0.93,"CT",0,0,0,0,0,0,1,4.4671228987545
"1282",7702620,"010802050901",8.975425,0,0,"CT",0,0,0,0,0,0,1,0
"1283",7702622,"010802050901",4.474198,0,0,"CT",0,0,0,0,0,0,1,0
"1284",7702624,"010802050903",2.505069,0,0,"CT",0,0,0,0,0,0,1,0
"1285",7702626,"010802050901",0.660587,0,0,"CT",0,0,0,0,0,0,1,0
"1286",7702628,"010802050901",1.088155,0,0,"CT",0,0,0,0,0,0,1,0
"1287",7702630,"010802050903",11.972589,0,0,"CT",0,0,0,0,0,0,1,0
"1288",7702634,"010802050901",2.428301,0,0,"CT",0,0,0,0,0,0,1,0
"1289",7702636,"010802050901",0.340878,0,0,"CT",0,0,0,0,0,0,1,0
"1290",7702638,"010802050901",5.791774,0,0,"CT",0,0,0,0,0,0,1,0
"1291",7702642,"010802050901",2.653904,0,0,"CT",0,0,0,0,0,0,1,0
"1292",7702644,"010802050901",3.519473,0,0,"CT",0,0,0,0,0,0,1,0
"1293",7702646,"010802050903",3.41861,0.071107088,2.08,"CT",0,0,0,0,0,0,1,17.57091698024
"1294",7702648,"010802050905",4.819285,0,0,"CT",0,0,0,0,0,0,1,0
"1295",7702650,"010802050904",1.269198,0,0,"CT",0,0,0,0,0,0,1,0
"1296",7702654,"010802050904",5.070146,0,0,"CT",0,0,0,0,0,0,1,0
"1297",7702656,"010802050905",2.278876,0,0,"CT",0,0,0,0,0,0,1,0
"1298",7702662,"010802050905",3.014532,0,0,"CT",0,0,0,0,0,0,1,0
"1299",7702664,"010802050905",1.230245,0,0,"CT",0,0,0,0,0,0,1,0
"1300",7702678,"010802050902",0.396386,0,0,"CT",0,0,0,0,0,0,1,0
"1301",7702684,"010802050804",3.062454,0.0342994848,1.12,"CT",1,8.475574191504,0,0,0,0,0,0
"1302",7702688,"010802050805",1.166569,0,0,"CT",0,0,0,0,1,0,0,0
"1303",7702690,"010802050804",0.35641,0,0,"CT",1,0,0,0,0,0,0,0
"1304",7702694,"010802050805",1.407938,0,0,"CT",0,0,0,0,1,0,0,0
"1305",7702696,"010802050702",5.144234,0,0,"CT",1,0,0,0,0,0,0,0
"1306",7702702,"010802050702",4.474185,0,0,"CT",1,0,0,0,0,0,0,0
"1307",7702704,"010802050702",1.117603,0,0,"CT",1,0,0,0,0,0,0,0
"1308",7702708,"010802050805",0.530826,0,0,"CT",0,0,0,0,1,0,0,0
"1309",7702710,"010802050702",3.317039,0,0,"CT",1,0,0,0,0,0,0,0
"1310",7702714,"010802050701",0.844806,0,0,"CT",1,0,0,0,0,0,0,0
"1311",7702716,"010802050701",1.968002,0,0,"CT",1,0,0,0,0,0,0,0
"1312",7702718,"010802050805",2.25995,0,0,"CT",0,0,0,0,1,0,0,0
"1313",7702720,"010802050702",3.146646,0,0,"CT",1,0,0,0,0,0,0,0
"1314",7702722,"010802050902",0.074384,0,0,"CT",0,0,0,0,0,0,1,0
"1315",7702724,"010802050901",0.017257,0,0,"CT",0,0,0,0,0,0,1,0
"1316",7702726,"010802050702",5.115149,0,0,"CT",1,0,0,0,0,0,0,0
"1317",7702728,"010802050903",0.821485,0,0,"CT",0,0,0,0,0,0,1,0
"1318",7702730,"010802050901",1.02919,0,0,"CT",0,0,0,0,0,0,1,0
"1319",7702736,"010802050901",0.115247,0,0,"CT",0,0,0,0,0,0,1,0
"1320",7702744,"010802050701",0.150148,0,0,"CT",1,0,0,0,0,0,0,0
"1321",7702748,"010802050901",1.20983,0,0,"CT",0,0,0,0,0,0,1,0
"1322",7702754,"010802050901",0.639402,0,0,"CT",0,0,0,0,0,0,1,0
"1323",7702758,"010802050901",0.180018,0,0,"CT",0,0,0,0,0,0,1,0
"1324",7702770,"010802050901",2.22966,0,0,"CT",0,0,0,0,0,0,1,0
"1325",7702772,"010802050905",0.762554,0,0,"CT",0,0,0,0,0,0,1,0
"1326",7702774,"010802050901",3.357757,0,0,"CT",0,0,0,0,0,0,1,0
"1327",7702776,"010802050901",1.24007,0,0,"CT",0,0,0,0,0,0,1,0
"1328",7702778,"010802050901",1.515452,0,0,"CT",0,0,0,0,0,0,1,0
"1329",7702780,"010802050905",0.369032,0,0,"CT",0,0,0,0,0,0,1,0
"1330",7702784,"010802050901",0.320497,0,0,"CT",0,0,0,0,0,0,1,0
"1331",7702786,"010802050903",1.408304,0,0,"CT",0,0,0,0,0,0,1,0
"1332",7702790,"010802050903",0.351691,0.0008792275,0.25,"CT",0,0,0,0,0,0,1,0.2172615113875
"1333",7702802,"010802050905",6.256466,0,0,"CT",0,0,0,0,0,0,1,0
"1334",7702804,"010802050901",2.078863,0,0,"CT",0,0,0,0,0,0,1,0
"1335",7702806,"010802050901",0.934275,0,0,"CT",0,0,0,0,0,0,1,0
"1336",7702810,"010802050903",2.04056,0,0,"CT",0,0,0,0,0,0,1,0
"1337",7702812,"010802050905",1.678194,0,0,"CT",0,0,0,0,0,0,1,0
"1338",7702816,"010802050905",5.078753,0.025393765,0.5,"CT",0,0,0,0,0,0,1,6.274926300325
"1339",7702822,"010802050905",2.164829,0,0,"CT",0,0,0,0,0,0,1,0
"1340",7702826,"010802050905",2.78157,0.000834471,0.03,"CT",0,0,0,0,0,0,1,0.206201956455
"1341",7702832,"010802050905",0.411715,0,0,"CT",0,0,0,0,0,0,1,0
"1342",7702834,"010802050905",0.027346,0,0,"CT",0,0,0,0,0,0,1,0
"1343",7702836,"010802050901",0.997792,0,0,"CT",0,0,0,0,0,0,1,0
"1344",7702840,"010802050905",0.194981,0,0,"CT",0,0,0,0,0,0,1,0
"1345",7702846,"010802050905",0.230874,0,0,"CT",0,0,0,0,0,0,1,0
"1346",7702848,"010802050901",0.12491,0,0,"CT",0,0,0,0,0,0,1,0
"1347",7702852,"010802050905",4.351369,0,0,"CT",0,0,0,0,0,0,1,0
"1348",7702860,"010802050905",0.77112,0,0,"CT",0,0,0,0,0,0,1,0
"1349",7702864,"010802050904",0.577428,0,0,"CT",0,0,0,0,0,0,1,0
"1350",7702870,"010802050905",0.713474,0,0,"CT",0,0,0,0,0,0,1,0
"1351",7702872,"010802050905",4.711231,0,0,"CT",0,0,0,0,0,0,1,0
"1352",7702878,"010802050905",1.748625,0,0,"CT",0,0,0,0,0,0,1,0
"1353",7702880,"010802050904",2.40746,0,0,"CT",0,0,0,0,0,0,1,0
"1354",7702882,"010802050905",3.831822,0,0,"CT",0,0,0,0,0,0,1,0
"1355",7702884,"010802050904",0.533244,0,0,"CT",0,0,0,0,0,0,1,0
"1356",7702888,"010802050905",0.087848,0,0,"CT",0,0,0,0,0,0,1,0
"1357",7702892,"010802050905",2.037229,0,0,"CT",0,0,0,0,0,0,1,0
"1358",7702912,"010802050905",0.905198,0,0,"CT",0,0,0,0,0,0,1,0
"1359",7702914,"010802050905",1.079959,0,0,"CT",0,0,0,0,0,0,1,0
"1360",7702926,"010802050905",0.57686,0,0,"CT",0,0,0,0,0,0,1,0
"1361",7702936,"010802050905",1.472828,0,0,"CT",0,0,0,0,0,0,1,0
"1362",7702938,"010802050905",1.368125,0,0,"CT",0,0,0,0,0,0,1,0
"1363",7702952,"010802050902",2.253242,0.0018025936,0.08,"CT",0,0,0,0,0,0,1,0.445429891528
"1364",7702954,"010802050902",3.216414,0,0,"CT",0,0,0,0,0,0,1,0
"1365",7702956,"010802050901",0.394816,0,0,"CT",0,0,0,0,0,0,1,0
"1366",7702958,"010802050902",1.409741,0.0504687278,3.58,"CT",0,0,0,0,0,0,1,12.471074983019
"1367",7702962,"010802050901",0.556212,0,0,"CT",0,0,0,0,0,0,1,0
"1368",7702964,"010802050701",0.716777,0,0,"CT",1,0,0,0,0,0,0,0
"1369",7702966,"010802050903",0.075628,0,0,"CT",0,0,0,0,0,0,1,0
"1370",7702968,"010802050903",3.250413,0,0,"CT",0,0,0,0,0,0,1,0
"1371",7702976,"010802050901",0.597654,0,0,"CT",0,0,0,0,0,0,1,0
"1372",7702980,"010802050905",0.965308,0,0,"CT",0,0,0,0,0,0,1,0
"1373",7702984,"010802050905",0.196551,0,0,"CT",0,0,0,0,0,0,1,0
"1374",7702986,"010802050901",0.334736,0,0,"CT",0,0,0,0,0,0,1,0
"1375",7702988,"010802050905",1.520064,0,0,"CT",0,0,0,0,0,0,1,0
"1376",7702990,"010802050904",1.545121,0,0,"CT",0,0,0,0,0,0,1,0
"1377",7702992,"010802050904",1.78714,0,0,"CT",0,0,0,0,0,0,1,0
"1378",7702996,"010802050905",0.597315,0,0,"CT",0,0,0,0,0,0,1,0
"1379",7702998,"010802050904",1.130674,0,0,"CT",0,0,0,0,0,0,1,0
"1380",7703000,"010802050904",0.869761,0,0,"CT",0,0,0,0,0,0,1,0
"1381",7703008,"010802050905",0.278511,0,0,"CT",0,0,0,0,0,0,1,0
"1382",7703032,"010802050904",1.384579,0,0,"CT",0,0,0,0,0,0,1,0
"1383",7703044,"010802050905",5.032512,0,0,"CT",0,0,0,0,0,0,1,0
"1384",7703054,"010802050905",6.379007,0,0,"CT",0,0,0,0,0,0,1,0
"1385",7703056,"010802050902",0.006432,0.001608,25,"CT",0,0,0,0,0,0,1,0.39734484
"1386",7703058,"010802050902",0.137907,0.0217755153,15.79,"CT",0,0,0,0,0,0,1,5.3808387082065
"1387",7704868,"010802050401",0.541821,0,0,"CT",0,0,0,0,0,0,1,0
"1388",7704896,"010802050905",3.499361,0,0,"CT",0,0,0,0,0,0,1,0
"1389",7704908,"010802050502",2.678477,0.1189243788,4.44,"CT",0,0,0,0,1,29.386808623374,0,0
"1390",7704912,"010802050603",0.854661,0,0,"CT",1,0,0,0,0,0,0,0
"1391",166174667,"010802050502",2.724957,0,0,"CT",0,0,0,0,1,0,0,0
"1392",166174668,"010802050502",8.83687,0.000883687,0.01,"CT",0,0,0,0,1,0.218363476135,0,0
"1393",166174670,"010802050201",3.81854,0,0,"CT",0,0,0,0,1,0,0,0
"1394",166174740,"010802070204",2.198851,0,0,"CT",0,0,0,0,1,0,0,0
"1395",931080006,"010802050904",2.33589,0,0,"CT",0,0,0,0,0,0,1,0
"1396",931080007,"010802050904",2.0075,0,0,"CT",0,0,0,0,0,0,1,0
